
Run 1
Attacker	100	4.63	7	105.88	231	0.048912235493135	2.9364275821678225
Defender	100	5.02	7	103.02	197	0.1449647539305399	0.42
Attacker	250	2.04	7	27.72	219	0.05025884729076522	1.5094121039328918
Defender	250	2.6	7	23.38	179	0.15524114652802348	0.54
Attacker	400	0.25	7	7.26	215	0.08983554835684904	4.522098476538447
Defender	400	0.05	2	1.1	5	0.1537104199332997	0.48
Attacker	550	0.14	7	5.04	205	0.03103931503437306	2.62071837523159
Defender	550	0.0	0	1.0	1	0.19908486916624848	0.48
Attacker	700	0.14	7	5.04	205	0.05393167634420836	4.0287786427342525
Defender	700	0.0	0	1.0	1	0.2031673170731709	0.54
Attacker	850	0.14	7	5.0	201	0.018941954625664083	0.9470977312832042
Defender	850	0.0	0	1.0	1	0.2034821096104387	0.48
Attacker	1000	0.14	7	5.0	201	0.014595008770295109	0.9664262564114329
Defender	1000	0.0	0	1.0	1	0.19373716386337086	0.48
Attacker	1150	0.14	7	5.0	201	0.023122599428668567	1.8191853222487786
Defender	1150	0.0	0	1.0	1	0.19990685881370104	0.42
Attacker	1300	0.0	0	1.0	1	0.0	0.0
Defender	1300	0.0	0	1.0	1	0.19939122807017554	0.42
Attacker	1450	0.0	0	1.0	1	0.0	0.0
Defender	1450	0.0	0	1.0	1	0.20906660000000013	0.48
Attacker	1600	0.0	0	1.0	1	0.0	0.0
Defender	1600	0.0	0	1.0	1	0.20925000000000027	0.42
Attacker	1750	0.0	0	1.0	1	0.0	0.0
Defender	1750	0.0	0	1.0	1	0.22140000000000018	0.54
Attacker	1900	0.0	0	1.0	1	0.0	0.0
Defender	1900	0.0	0	1.0	1	0.22089360487804885	0.6
Attacker	2050	0.0	0	1.0	1	0.0	0.0
Defender	2050	0.0	0	1.0	1	0.2303039069686412	0.6
Attacker	2200	0.0	0	1.0	1	0.0	0.0
Defender	2200	0.0	0	1.0	1	0.21662305714285723	0.54
Attacker	2350	0.0	0	1.0	1	0.0	0.0
Defender	2350	0.0	0	1.0	1	0.23635999999999993	0.54
Attacker	2500	0.0	0	1.0	1	0.0	0.0
Defender	2500	0.0	0	1.0	1	0.2160000000000002	0.48
Attacker	2650	0.0	0	1.0	1	0.0	0.0
Defender	2650	0.0	0	1.0	1	0.2264980000000001	0.54
Attacker	2800	0.0	0	1.0	1	0.0	0.0
Defender	2800	0.0	0	1.0	1	0.22320000000000007	0.48
Attacker	2950	0.0	0	1.0	1	0.0	0.0
Defender	2950	0.0	0	1.0	1	0.19683725490196097	0.48
Attacker	3100	0.0	0	1.0	1	0.0	0.0
Defender	3100	0.0	0	1.0	1	0.2223338000000001	0.48
Attacker	3250	0.0	0	1.0	1	0.0	0.0
Defender	3250	0.0	0	1.0	1	0.19861000000000012	0.42
Attacker	3400	0.0	0	1.0	1	0.0	0.0
Defender	3400	0.0	0	1.0	1	0.22465000000000018	0.48
Attacker	3550	0.0	0	1.0	1	0.0	0.0
Defender	3550	0.0	0	1.0	1	0.22588007755102052	0.48
Attacker	3700	0.0	0	1.0	1	0.0	0.0
Defender	3700	0.0	0	1.0	1	0.2304000000000001	0.42
Attacker	3850	0.0	0	1.0	1	0.0	0.0
Defender	3850	0.0	0	1.0	1	0.19842000000000015	0.54
Attacker	4000	0.0	0	1.0	1	0.0	0.0
Defender	4000	0.0	0	1.0	1	0.20810000000000012	0.42
Attacker	4150	0.0	0	1.0	1	0.0	0.0
Defender	4150	0.0	0	1.0	1	0.20115000000000008	0.42
Attacker	4300	0.0	0	1.0	1	0.0	0.0
Defender	4300	0.0	0	1.0	1	0.19820012987012997	0.42
Attacker	4450	0.0	0	1.0	1	0.0	0.0
Defender	4450	0.0	0	1.0	1	0.23871720000000005	0.48
Attacker	4600	0.0	0	1.0	1	0.0	0.0
Defender	4600	0.0	0	1.0	1	0.22195000000000017	0.42
Attacker	4750	0.0	0	1.0	1	0.0	0.0
Defender	4750	0.0	0	1.0	1	0.21460555555555572	0.54
Attacker	4900	0.0	0	1.0	1	0.0	0.0
Defender	4900	0.0	0	1.0	1	0.20391666666666683	0.48
Attacker	5050	0.0	0	1.0	1	0.0	0.0
Defender	5050	0.0	0	1.0	1	0.21904000000000023	0.42

Run 2
Attacker	100	5.12	7	120.28	229	0.01310359187615795	1.310359187615795
Defender	100	5.16	7	110.82	207	0.14078914157145517	0.36
Attacker	250	2.89	9	28.7	211	0.002496409301033886	0.24964093010338861
Defender	250	2.91	8	35.26	181	0.1487270581893826	0.42
Attacker	400	0.58	9	5.06	211	0.06289724166024939	2.498204005397621
Defender	400	0.31	7	1.7	15	0.14956114380681568	0.48
Attacker	550	0.6	9	3.62	51	0.10930348337449428	2.3689218419277402
Defender	550	0.0	0	1.0	1	0.18645051293749548	0.72
Attacker	700	0.49	9	3.04	51	0.04708267244926259	1.1148051431238268
Defender	700	0.0	0	1.0	1	0.19687490476918945	0.42
Attacker	850	0.72	9	4.08	49	0.17543787521296766	4.83895404670279
Defender	850	0.0	0	1.0	1	0.20121587321481024	0.54
Attacker	1000	0.59	9	3.36	49	0.11168573712351776	2.466599169020971
Defender	1000	0.0	0	1.0	1	0.20814559155158957	0.48
Attacker	1150	0.5	9	2.94	49	0.0766254168580161	2.0554993075174757
Defender	1150	0.0	0	1.0	1	0.1842940582844488	0.6599999999999999
Attacker	1300	0.2	7	1.64	25	0.0935824109233226	3.8692390084819754
Defender	1300	0.0	0	1.0	1	0.2159167814209131	0.54
Attacker	1450	0.03	3	1.12	13	0.007432034287492178	0.7432034287492179
Defender	1450	0.0	0	1.0	1	0.21652277602019018	0.54
Attacker	1600	0.0	0	1.0	1	0.0	0.0
Defender	1600	0.0	0	1.0	1	0.21760271317829472	0.54
Attacker	1750	0.0	0	1.0	1	0.0	0.0
Defender	1750	0.0	0	1.0	1	0.20370000000000016	0.6
Attacker	1900	0.0	0	1.0	1	0.0	0.0
Defender	1900	0.0	0	1.0	1	0.2122214285714287	0.48
Attacker	2050	0.0	0	1.0	1	0.0	0.0
Defender	2050	0.0	0	1.0	1	0.22120000000000004	0.6
Attacker	2200	0.0	0	1.0	1	0.0	0.0
Defender	2200	0.0	0	1.0	1	0.19300000000000003	0.42
Attacker	2350	0.0	0	1.0	1	0.0	0.0
Defender	2350	0.0	0	1.0	1	0.21870000000000014	0.6
Attacker	2500	0.0	0	1.0	1	0.0	0.0
Defender	2500	0.0	0	1.0	1	0.24260000000000012	0.54
Attacker	2650	0.0	0	1.0	1	0.0	0.0
Defender	2650	0.0	0	1.0	1	0.22840000000000005	0.48
Attacker	2800	0.0	0	1.0	1	0.0	0.0
Defender	2800	0.0	0	1.0	1	0.21270000000000017	0.42
Attacker	2950	0.0	0	1.0	1	0.0	0.0
Defender	2950	0.0	0	1.0	1	0.2233500000000001	0.48
Attacker	3100	0.0	0	1.0	1	0.0	0.0
Defender	3100	0.0	0	1.0	1	0.23905200000000001	0.6
Attacker	3250	0.0	0	1.0	1	0.0	0.0
Defender	3250	0.0	0	1.0	1	0.21921293103448286	0.48
Attacker	3400	0.0	0	1.0	1	0.0	0.0
Defender	3400	0.0	0	1.0	1	0.22500000000000006	0.54
Attacker	3550	0.0	0	1.0	1	0.0	0.0
Defender	3550	0.0	0	1.0	1	0.22106000000000026	0.54
Attacker	3700	0.0	0	1.0	1	0.0	0.0
Defender	3700	0.0	0	1.0	1	0.2353412000000001	0.6599999999999999
Attacker	3850	0.0	0	1.0	1	0.0	0.0
Defender	3850	0.0	0	1.0	1	0.2297000000000001	0.48
Attacker	4000	0.0	0	1.0	1	0.0	0.0
Defender	4000	0.0	0	1.0	1	0.23909999999999992	0.48
Attacker	4150	0.0	0	1.0	1	0.0	0.0
Defender	4150	0.0	0	1.0	1	0.22440000000000004	0.48
Attacker	4300	0.0	0	1.0	1	0.0	0.0
Defender	4300	0.0	0	1.0	1	0.2328	0.42
Attacker	4450	0.0	0	1.0	1	0.0	0.0
Defender	4450	0.0	0	1.0	1	0.23617719999999998	0.48
Attacker	4600	0.0	0	1.0	1	0.0	0.0
Defender	4600	0.0	0	1.0	1	0.22496129032258075	0.48
Attacker	4750	0.0	0	1.0	1	0.0	0.0
Defender	4750	0.0	0	1.0	1	0.2412073798627002	0.54
Attacker	4900	0.0	0	1.0	1	0.0	0.0
Defender	4900	0.0	0	1.0	1	0.22367340000000005	0.48
Attacker	5050	0.0	0	1.0	1	0.0	0.0
Defender	5050	0.0	0	1.0	1	0.22559999999999994	0.48

Run 3
Attacker	100	5.07	7	106.7	227	0.005031373679776307	0.5031373679776306
Defender	100	5.26	7	97.98	203	0.14535974858423073	0.42
Attacker	250	2.76	8	21.44	203	0.023804251415369633	2.3804251415369633
Defender	250	3.25	9	22.82	173	0.15541284691259344	0.42
Attacker	400	0.19	5	1.4	13	0.0	0.0
Defender	400	0.53	6	2.12	15	0.15558303999054476	0.48
Attacker	550	0.0	0	1.0	1	0.0	0.0
Defender	550	0.0	0	1.0	1	0.17381610275496018	0.42
Attacker	700	0.0	0	1.0	1	0.0	0.0
Defender	700	0.0	0	1.0	1	0.23800000000000007	0.48
Attacker	850	0.0	0	1.0	1	0.0	0.0
Defender	850	0.0	0	1.0	1	0.20889711428571447	0.6
Attacker	1000	0.0	0	1.0	1	0.0	0.0
Defender	1000	0.0	0	1.0	1	0.22390000000000027	0.54
Attacker	1150	0.0	0	1.0	1	0.0	0.0
Defender	1150	0.0	0	1.0	1	0.20478000000000005	0.48
Attacker	1300	0.0	0	1.0	1	0.0	0.0
Defender	1300	0.0	0	1.0	1	0.22445000000000012	0.48
Attacker	1450	0.0	0	1.0	1	0.0	0.0
Defender	1450	0.0	0	1.0	1	0.23420000000000005	0.54
Attacker	1600	0.0	0	1.0	1	0.0	0.0
Defender	1600	0.0	0	1.0	1	0.20820000000000013	0.48
Attacker	1750	0.0	0	1.0	1	0.0	0.0
Defender	1750	0.0	0	1.0	1	0.21572950819672143	0.54
Attacker	1900	0.0	0	1.0	1	0.0	0.0
Defender	1900	0.0	0	1.0	1	0.2120461538461539	0.36
Attacker	2050	0.0	0	1.0	1	0.0	0.0
Defender	2050	0.0	0	1.0	1	0.22890000000000005	0.6599999999999999
Attacker	2200	0.0	0	1.0	1	0.0	0.0
Defender	2200	0.0	0	1.0	1	0.22615498028169026	0.48
Attacker	2350	0.0	0	1.0	1	0.0	0.0
Defender	2350	0.0	0	1.0	1	0.21013160000000008	0.48
Attacker	2500	0.0	0	1.0	1	0.0	0.0
Defender	2500	0.0	0	1.0	1	0.21721120000000022	0.6
Attacker	2650	0.0	0	1.0	1	0.0	0.0
Defender	2650	0.0	0	1.0	1	0.23639999999999997	0.48
Attacker	2800	0.0	0	1.0	1	0.0	0.0
Defender	2800	0.0	0	1.0	1	0.22020000000000015	0.42
Attacker	2950	0.0	0	1.0	1	0.0	0.0
Defender	2950	0.0	0	1.0	1	0.24059999999999998	0.54
Attacker	3100	0.0	0	1.0	1	0.0	0.0
Defender	3100	0.0	0	1.0	1	0.21330000000000016	0.6
Attacker	3250	0.0	0	1.0	1	0.0	0.0
Defender	3250	0.0	0	1.0	1	0.22740530704225365	0.54
Attacker	3400	0.0	0	1.0	1	0.0	0.0
Defender	3400	0.0	0	1.0	1	0.22560000000000016	0.54
Attacker	3550	0.0	0	1.0	1	0.0	0.0
Defender	3550	0.0	0	1.0	1	0.24498260000000005	0.6599999999999999
Attacker	3700	0.0	0	1.0	1	0.0	0.0
Defender	3700	0.0	0	1.0	1	0.23246820000000004	0.54
Attacker	3850	0.0	0	1.0	1	0.0	0.0
Defender	3850	0.0	0	1.0	1	0.23453333333333334	0.48
Attacker	4000	0.0	0	1.0	1	0.0	0.0
Defender	4000	0.0	0	1.0	1	0.21684000000000014	0.6599999999999999
Attacker	4150	0.0	0	1.0	1	0.0	0.0
Defender	4150	0.0	0	1.0	1	0.24199999999999997	0.54
Attacker	4300	0.0	0	1.0	1	0.0	0.0
Defender	4300	0.0	0	1.0	1	0.20520000000000002	0.42
Attacker	4450	0.0	0	1.0	1	0.0	0.0
Defender	4450	0.0	0	1.0	1	0.20729891707317086	0.36
Attacker	4600	0.0	0	1.0	1	0.0	0.0
Defender	4600	0.0	0	1.0	1	0.22479000000000002	0.42
Attacker	4750	0.0	0	1.0	1	0.0	0.0
Defender	4750	0.0	0	1.0	1	0.21780000000000008	0.42
Attacker	4900	0.0	0	1.0	1	0.0	0.0
Defender	4900	0.0	0	1.0	1	0.21180000000000013	0.48
Attacker	5050	0.0	0	1.0	1	0.0	0.0
Defender	5050	0.0	0	1.0	1	0.2187257142857143	0.42

Run 4
Attacker	100	5.04	7	123.3	231	0.013371012118528522	1.3371012118528522
Defender	100	4.68	7	98.58	205	0.15509195255346667	0.42
Attacker	250	3.39	9	50.74	209	0.05239888271602387	3.2230229141874016
Defender	250	1.86	9	19.12	177	0.14549088944219984	0.3
Attacker	400	0.96	7	3.42	29	0.0018094466214516453	0.18094466214516453
Defender	400	0.0	0	1.0	1	0.156626415343817	0.42
Attacker	550	0.0	0	1.0	1	0.0	0.0
Defender	550	0.0	0	1.0	1	0.18750975296363032	0.6
Attacker	700	0.0	0	1.0	1	0.0	0.0
Defender	700	0.0	0	1.0	1	0.1959772727272728	0.48
Attacker	850	0.0	0	1.0	1	0.0	0.0
Defender	850	0.0	0	1.0	1	0.2130358188153312	0.48
Attacker	1000	0.0	0	1.0	1	0.0	0.0
Defender	1000	0.0	0	1.0	1	0.1866749999999998	0.42
Attacker	1150	0.0	0	1.0	1	0.0	0.0
Defender	1150	0.0	0	1.0	1	0.17424666666666638	0.54
Attacker	1300	0.0	0	1.0	1	0.0	0.0
Defender	1300	0.0	0	1.0	1	0.19521619047619043	0.42
Attacker	1450	0.0	0	1.0	1	0.0	0.0
Defender	1450	0.0	0	1.0	1	0.1997418181818182	0.54
Attacker	1600	0.0	0	1.0	1	0.0	0.0
Defender	1600	0.0	0	1.0	1	0.184032857142857	0.42
Attacker	1750	0.0	0	1.0	1	0.0	0.0
Defender	1750	0.0	0	1.0	1	0.19339642857142855	0.6
Attacker	1900	0.0	0	1.0	1	0.0	0.0
Defender	1900	0.0	0	1.0	1	0.18146999999999985	0.48
Attacker	2050	0.0	0	1.0	1	0.0	0.0
Defender	2050	0.0	0	1.0	1	0.18268133689839552	0.54
Attacker	2200	0.0	0	1.0	1	0.0	0.0
Defender	2200	0.0	0	1.0	1	0.17863948284690206	0.42
Attacker	2350	0.0	0	1.0	1	0.0	0.0
Defender	2350	0.0	0	1.0	1	0.19421905714285714	0.54
Attacker	2500	0.0	0	1.0	1	0.0	0.0
Defender	2500	0.0	0	1.0	1	0.19334744588744585	0.48
Attacker	2650	0.0	0	1.0	1	0.0	0.0
Defender	2650	0.0	0	1.0	1	0.18090688571428568	0.48
Attacker	2800	0.0	0	1.0	1	0.0	0.0
Defender	2800	0.0	0	1.0	1	0.20005166666666674	0.42
Attacker	2950	0.0	0	1.0	1	0.0	0.0
Defender	2950	0.0	0	1.0	1	0.16402744588744558	0.36
Attacker	3100	0.0	0	1.0	1	0.0	0.0
Defender	3100	0.0	0	1.0	1	0.16676058441558414	0.48
Attacker	3250	0.0	0	1.0	1	0.0	0.0
Defender	3250	0.0	0	1.0	1	0.1914299999999999	0.54
Attacker	3400	0.0	0	1.0	1	0.0	0.0
Defender	3400	0.0	0	1.0	1	0.2046495530381845	0.54
Attacker	3550	0.0	0	1.0	1	0.0	0.0
Defender	3550	0.0	0	1.0	1	0.18253333333333327	0.42
Attacker	3700	0.0	0	1.0	1	0.0	0.0
Defender	3700	0.0	0	1.0	1	0.18823047619047606	0.54
Attacker	3850	0.0	0	1.0	1	0.0	0.0
Defender	3850	0.0	0	1.0	1	0.20206000000000018	0.42
Attacker	4000	0.0	0	1.0	1	0.0	0.0
Defender	4000	0.0	0	1.0	1	0.19230818181818188	0.42
Attacker	4150	0.0	0	1.0	1	0.0	0.0
Defender	4150	0.0	0	1.0	1	0.19364571428571423	0.54
Attacker	4300	0.0	0	1.0	1	0.0	0.0
Defender	4300	0.0	0	1.0	1	0.20320000000000019	0.48
Attacker	4450	0.0	0	1.0	1	0.0	0.0
Defender	4450	0.0	0	1.0	1	0.19928357142857145	0.48
Attacker	4600	0.0	0	1.0	1	0.0	0.0
Defender	4600	0.0	0	1.0	1	0.1991985714285715	0.54
Attacker	4750	0.05	5	1.16	17	0.0004928165433008947	0.04928165433008947
Defender	4750	0.0	0	1.0	1	0.19132533333333343	0.48
Attacker	4900	0.0	0	1.0	1	0.0	0.0
Defender	4900	0.0	0	1.0	1	0.20679437062937078	0.42
Attacker	5050	0.0	0	1.0	1	0.0	0.0
Defender	5050	0.0	0	1.0	1	0.21270000000000025	0.48

Run 5
Attacker	100	5.31	7	121.72	231	0.0	0.0
Defender	100	5.25	7	113.22	209	0.15340596967162828	0.42
Attacker	250	3.11	8	35.12	221	0.02629961808466295	1.7039285278501777
Defender	250	3.18	7	37.92	179	0.17019945858021918	0.54
Attacker	400	0.63	7	4.22	189	0.007749404420065031	0.7749404420065031
Defender	400	0.6	7	2.44	17	0.15306015654281896	0.48
Attacker	550	0.0	0	1.0	1	0.0	0.0
Defender	550	0.0	0	1.0	1	0.18636797456683332	0.42
Attacker	700	0.0	0	1.0	1	0.0	0.0
Defender	700	0.0	0	1.0	1	0.22490000000000024	0.48
Attacker	850	0.0	0	1.0	1	0.0	0.0
Defender	850	0.0	0	1.0	1	0.21281923076923093	0.48
Attacker	1000	0.0	0	1.0	1	0.0	0.0
Defender	1000	0.0	0	1.0	1	0.19460000000000005	0.42
Attacker	1150	0.0	0	1.0	1	0.0	0.0
Defender	1150	0.0	0	1.0	1	0.20010000000000006	0.48
Attacker	1300	0.0	0	1.0	1	0.0	0.0
Defender	1300	0.0	0	1.0	1	0.1786050649350648	0.36
Attacker	1450	0.0	0	1.0	1	0.0	0.0
Defender	1450	0.0	0	1.0	1	0.21995103448275877	0.54
Attacker	1600	0.0	0	1.0	1	0.0	0.0
Defender	1600	0.0	0	1.0	1	0.21949860000000007	0.54
Attacker	1750	0.0	0	1.0	1	0.0	0.0
Defender	1750	0.0	0	1.0	1	0.19339000000000006	0.42
Attacker	1900	0.0	0	1.0	1	0.0	0.0
Defender	1900	0.0	0	1.0	1	0.18675205128205133	0.54
Attacker	2050	0.0	0	1.0	1	0.0	0.0
Defender	2050	0.0	0	1.0	1	0.19097000000000017	0.42
Attacker	2200	0.0	0	1.0	1	0.0	0.0
Defender	2200	0.0	0	1.0	1	0.1955294680510159	0.42
Attacker	2350	0.0	0	1.0	1	0.0	0.0
Defender	2350	0.0	0	1.0	1	0.19343000000000019	0.42
Attacker	2500	0.0	0	1.0	1	0.0	0.0
Defender	2500	0.0	0	1.0	1	0.20535115618661284	0.48
Attacker	2650	0.0	0	1.0	1	0.0	0.0
Defender	2650	0.0	0	1.0	1	0.19421714285714287	0.42
Attacker	2800	0.0	0	1.0	1	0.0	0.0
Defender	2800	0.0	0	1.0	1	0.20782000000000006	0.48
Attacker	2950	0.0	0	1.0	1	0.0	0.0
Defender	2950	0.0	0	1.0	1	0.19877714285714293	0.42
Attacker	3100	0.0	0	1.0	1	0.0	0.0
Defender	3100	0.0	0	1.0	1	0.20430000000000015	0.48
Attacker	3250	0.0	0	1.0	1	0.0	0.0
Defender	3250	0.0	0	1.0	1	0.1960500000000001	0.42
Attacker	3400	0.0	0	1.0	1	0.0	0.0
Defender	3400	0.0	0	1.0	1	0.20421000000000014	0.54
Attacker	3550	0.0	0	1.0	1	0.0	0.0
Defender	3550	0.0	0	1.0	1	0.22233571428571447	0.6599999999999999
Attacker	3700	0.0	0	1.0	1	0.0	0.0
Defender	3700	0.0	0	1.0	1	0.219218181818182	0.42
Attacker	3850	0.0	0	1.0	1	0.0	0.0
Defender	3850	0.0	0	1.0	1	0.21304285714285728	0.48
Attacker	4000	0.0	0	1.0	1	0.0	0.0
Defender	4000	0.0	0	1.0	1	0.20063840000000002	0.42
Attacker	4150	0.0	0	1.0	1	0.0	0.0
Defender	4150	0.0	0	1.0	1	0.21069279831932788	0.48
Attacker	4300	0.0	0	1.0	1	0.0	0.0
Defender	4300	0.0	0	1.0	1	0.18791000000000008	0.42
Attacker	4450	0.0	0	1.0	1	0.0	0.0
Defender	4450	0.0	0	1.0	1	0.18891727272727277	0.42
Attacker	4600	0.0	0	1.0	1	0.0	0.0
Defender	4600	0.0	0	1.0	1	0.20634352941176484	0.48
Attacker	4750	0.0	0	1.0	1	0.0	0.0
Defender	4750	0.0	0	1.0	1	0.22180000000000008	0.42
Attacker	4900	0.0	0	1.0	1	0.0	0.0
Defender	4900	0.0	0	1.0	1	0.21020000000000014	0.48
Attacker	5050	0.0	0	1.0	1	0.0	0.0
Defender	5050	0.0	0	1.0	1	0.20951692307692324	0.42

Run 6
Attacker	100	5.25	7	109.0	225	0.04515373982400818	3.4244053436359443
Defender	100	4.27	7	87.06	223	0.1499736486513464	0.42
Attacker	250	2.97	9	22.96	217	0.01183032256258549	0.6034647297788966
Defender	250	1.16	7	10.56	171	0.14797045288386315	0.42
Attacker	400	0.5	7	2.08	23	0.0185631155331508	1.85631155331508
Defender	400	0.0	0	1.0	1	0.18087194482981012	0.42
Attacker	550	0.14	7	1.44	23	0.020339155219059407	1.0477662806697847
Defender	550	0.0	0	1.0	1	0.19372900268321547	0.48
Attacker	700	0.14	7	1.44	23	0.04035231121134417	2.8992787692342987
Defender	700	0.0	0	1.0	1	0.1970180295566503	0.48
Attacker	850	0.14	7	1.44	23	0.04918565958475579	3.3148420594912147
Defender	850	0.0	0	1.0	1	0.18227137987012976	0.54
Attacker	1000	0.21	7	1.6	23	0.04909629190497663	3.3148420594912147
Defender	1000	0.0	0	1.0	1	0.1703163840131867	0.48
Attacker	1150	0.14	7	1.38	23	0.022317772000570345	1.7387025794389568
Defender	1150	0.0	0	1.0	1	0.18007223655113166	0.6599999999999999
Attacker	1300	0.21	7	1.54	23	0.01673486859738149	0.6034647297788966
Defender	1300	0.0	0	1.0	1	0.18476519362660432	0.42
Attacker	1450	0.22	7	1.56	23	0.05812428888217276	1.81039418933669
Defender	1450	0.0	0	1.0	1	0.18839998597895188	0.48
Attacker	1600	0.14	7	1.38	23	0.01501000889406221	0.9664262564114329
Defender	1600	0.0	0	1.0	1	0.1757115922779921	0.48
Attacker	1750	0.0	0	1.0	1	0.0	0.0
Defender	1750	0.0	0	1.0	1	0.16869008447204947	0.42
Attacker	1900	0.0	0	1.0	1	0.0	0.0
Defender	1900	0.0	0	1.0	1	0.17373844537815103	0.42
Attacker	2050	0.0	0	1.0	1	0.0	0.0
Defender	2050	0.0	0	1.0	1	0.155358791208791	0.42
Attacker	2200	0.0	0	1.0	1	0.0	0.0
Defender	2200	0.0	0	1.0	1	0.16655999999999974	0.48
Attacker	2350	0.0	0	1.0	1	0.0	0.0
Defender	2350	0.0	0	1.0	1	0.1876284	0.48
Attacker	2500	0.0	0	1.0	1	0.0	0.0
Defender	2500	0.0	0	1.0	1	0.1616075224775223	0.48
Attacker	2650	0.0	0	1.0	1	0.0	0.0
Defender	2650	0.0	0	1.0	1	0.15335844155844147	0.42
Attacker	2800	0.0	0	1.0	1	0.0	0.0
Defender	2800	0.0	0	1.0	1	0.16334136135794006	0.42
Attacker	2950	0.0	0	1.0	1	0.0	0.0
Defender	2950	0.0	0	1.0	1	0.1772264285714284	0.48
Attacker	3100	0.04	4	1.08	9	0.012086335928202756	1.2086335928202756
Defender	3100	0.0	0	1.0	1	0.1565419047619046	0.48
Attacker	3250	0.0	0	1.0	1	0.0	0.0
Defender	3250	0.0	0	1.0	1	0.15757547619047596	0.48
Attacker	3400	0.0	0	1.0	1	0.0	0.0
Defender	3400	0.0	0	1.0	1	0.14123030303030293	0.48
Attacker	3550	0.0	0	1.0	1	0.0	0.0
Defender	3550	0.0	0	1.0	1	0.17001818181818149	0.54
Attacker	3700	0.0	0	1.0	1	0.0	0.0
Defender	3700	0.0	0	1.0	1	0.16858999999999977	0.42
Attacker	3850	0.0	0	1.0	1	0.0	0.0
Defender	3850	0.0	0	1.0	1	0.16702388571428542	0.48
Attacker	4000	0.0	0	1.0	1	0.0	0.0
Defender	4000	0.0	0	1.0	1	0.16597090909090886	0.6599999999999999
Attacker	4150	0.0	0	1.0	1	0.0	0.0
Defender	4150	0.0	0	1.0	1	0.15689705128205114	0.36
Attacker	4300	0.0	0	1.0	1	0.0	0.0
Defender	4300	0.0	0	1.0	1	0.16036930822510803	0.42
Attacker	4450	0.0	0	1.0	1	0.0	0.0
Defender	4450	0.0	0	1.0	1	0.15660748480243153	0.42
Attacker	4600	0.0	0	1.0	1	0.0	0.0
Defender	4600	0.0	0	1.0	1	0.15044467532467518	0.48
Attacker	4750	0.0	0	1.0	1	0.0	0.0
Defender	4750	0.0	0	1.0	1	0.14501999999999998	0.36
Attacker	4900	0.0	0	1.0	1	0.0	0.0
Defender	4900	0.0	0	1.0	1	0.15880749999999982	0.54
Attacker	5050	0.0	0	1.0	1	0.0	0.0
Defender	5050	0.0	0	1.0	1	0.16632809523809503	0.6599999999999999

Run 7
Attacker	100	5.21	7	109.66	227	0.006157803365090783	0.6157803365090783
Defender	100	4.65	7	94.36	217	0.14986266272406798	0.3
Attacker	250	3.1	9	24.9	205	0.0	0.0
Defender	250	2.33	7	23.16	175	0.16183441011505661	0.3
Attacker	400	0.38	7	1.92	31	0.01784431432426872	1.784431432426872
Defender	400	0.03	1	1.06	3	0.15642271245306408	0.42
Attacker	550	0.07	7	1.24	25	0.006157803365090783	0.6157803365090783
Defender	550	0.0	0	1.0	1	0.21722319188715908	0.6
Attacker	700	0.0	0	1.0	1	0.0	0.0
Defender	700	0.0	0	1.0	1	0.21560000000000007	0.42
Attacker	850	0.0	0	1.0	1	0.0	0.0
Defender	850	0.0	0	1.0	1	0.2327000000000001	0.48
Attacker	1000	0.0	0	1.0	1	0.0	0.0
Defender	1000	0.0	0	1.0	1	0.22260000000000005	0.42
Attacker	1150	0.0	0	1.0	1	0.0	0.0
Defender	1150	0.0	0	1.0	1	0.20740000000000017	0.42
Attacker	1300	0.0	0	1.0	1	0.0	0.0
Defender	1300	0.0	0	1.0	1	0.21750000000000014	0.54
Attacker	1450	0.0	0	1.0	1	0.0	0.0
Defender	1450	0.0	0	1.0	1	0.24059999999999995	0.48
Attacker	1600	0.0	0	1.0	1	0.0	0.0
Defender	1600	0.0	0	1.0	1	0.21030000000000013	0.48
Attacker	1750	0.0	0	1.0	1	0.0	0.0
Defender	1750	0.0	0	1.0	1	0.21540000000000015	0.48
Attacker	1900	0.0	0	1.0	1	0.0	0.0
Defender	1900	0.0	0	1.0	1	0.23459999999999998	0.48
Attacker	2050	0.0	0	1.0	1	0.0	0.0
Defender	2050	0.0	0	1.0	1	0.21576000000000006	0.48
Attacker	2200	0.0	0	1.0	1	0.0	0.0
Defender	2200	0.0	0	1.0	1	0.21885074626865683	0.42
Attacker	2350	0.0	0	1.0	1	0.0	0.0
Defender	2350	0.0	0	1.0	1	0.23189999999999997	0.42
Attacker	2500	0.0	0	1.0	1	0.0	0.0
Defender	2500	0.0	0	1.0	1	0.2345999999999999	0.54
Attacker	2650	0.0	0	1.0	1	0.0	0.0
Defender	2650	0.0	0	1.0	1	0.21180000000000013	0.48
Attacker	2800	0.0	0	1.0	1	0.0	0.0
Defender	2800	0.0	0	1.0	1	0.2097000000000001	0.42
Attacker	2950	0.0	0	1.0	1	0.0	0.0
Defender	2950	0.0	0	1.0	1	0.22110000000000019	0.48
Attacker	3100	0.0	0	1.0	1	0.0	0.0
Defender	3100	0.0	0	1.0	1	0.21848739441092058	0.54
Attacker	3250	0.0	0	1.0	1	0.0	0.0
Defender	3250	0.0	0	1.0	1	0.21240000000000017	0.48
Attacker	3400	0.0	0	1.0	1	0.0	0.0
Defender	3400	0.0	0	1.0	1	0.20723160000000015	0.6
Attacker	3550	0.0	0	1.0	1	0.0	0.0
Defender	3550	0.0	0	1.0	1	0.22140000000000012	0.48
Attacker	3700	0.0	0	1.0	1	0.0	0.0
Defender	3700	0.0	0	1.0	1	0.2376272727272729	0.6
Attacker	3850	0.0	0	1.0	1	0.0	0.0
Defender	3850	0.0	0	1.0	1	0.24789389920424404	0.48
Attacker	4000	0.0	0	1.0	1	0.0	0.0
Defender	4000	0.0	0	1.0	1	0.23759999999999998	0.54
Attacker	4150	0.0	0	1.0	1	0.0	0.0
Defender	4150	0.0	0	1.0	1	0.24015000000000003	0.6
Attacker	4300	0.0	0	1.0	1	0.0	0.0
Defender	4300	0.0	0	1.0	1	0.22920000000000004	0.48
Attacker	4450	0.0	0	1.0	1	0.0	0.0
Defender	4450	0.0	0	1.0	1	0.21000000000000021	0.42
Attacker	4600	0.0	0	1.0	1	0.0	0.0
Defender	4600	0.0	0	1.0	1	0.22740000000000005	0.48
Attacker	4750	0.0	0	1.0	1	0.0	0.0
Defender	4750	0.0	0	1.0	1	0.22140000000000015	0.6
Attacker	4900	0.0	0	1.0	1	0.0	0.0
Defender	4900	0.0	0	1.0	1	0.2292000000000001	0.48
Attacker	5050	0.0	0	1.0	1	0.0	0.0
Defender	5050	0.0	0	1.0	1	0.2167200000000002	0.48

Run 8
Attacker	100	5.13	7	124.76	227	0.00671797035499485	0.671797035499485
Defender	100	5.35	7	107.98	211	0.1350333707713732	0.36
Attacker	250	2.89	9	40.3	219	0.043526875263196076	2.332816638706224
Defender	250	3.46	9	35.76	181	0.14967793042592106	0.42
Attacker	400	0.31	7	5.96	161	0.022635360672290977	1.580724988589578
Defender	400	0.53	8	2.16	21	0.15956359325041264	0.42
Attacker	550	0.28	7	7.34	161	0.04629353371626951	2.68718814199794
Defender	550	0.0	0	1.0	1	0.20370139305042784	0.48
Attacker	700	0.0	0	1.0	1	0.0	0.0
Defender	700	0.0	0	1.0	1	0.22198999125370542	0.6
Attacker	850	0.0	0	1.0	1	0.0	0.0
Defender	850	0.0	0	1.0	1	0.19595473684210535	0.54
Attacker	1000	0.0	0	1.0	1	0.0	0.0
Defender	1000	0.0	0	1.0	1	0.21360159292035397	0.42
Attacker	1150	0.0	0	1.0	1	0.0	0.0
Defender	1150	0.0	0	1.0	1	0.21609000000000023	0.48
Attacker	1300	0.0	0	1.0	1	0.0	0.0
Defender	1300	0.0	0	1.0	1	0.1872914285714285	0.42
Attacker	1450	0.0	0	1.0	1	0.0	0.0
Defender	1450	0.0	0	1.0	1	0.21543220000000024	0.54
Attacker	1600	0.0	0	1.0	1	0.0	0.0
Defender	1600	0.0	0	1.0	1	0.2086392000000002	0.48
Attacker	1750	0.0	0	1.0	1	0.0	0.0
Defender	1750	0.0	0	1.0	1	0.20927999999999997	0.42
Attacker	1900	0.0	0	1.0	1	0.0	0.0
Defender	1900	0.0	0	1.0	1	0.20520000000000016	0.42
Attacker	2050	0.0	0	1.0	1	0.0	0.0
Defender	2050	0.0	0	1.0	1	0.2191500000000002	0.6
Attacker	2200	0.0	0	1.0	1	0.0	0.0
Defender	2200	0.0	0	1.0	1	0.2033607142857144	0.42
Attacker	2350	0.0	0	1.0	1	0.0	0.0
Defender	2350	0.0	0	1.0	1	0.19120000000000004	0.36
Attacker	2500	0.0	0	1.0	1	0.0	0.0
Defender	2500	0.0	0	1.0	1	0.19531	0.48
Attacker	2650	0.0	0	1.0	1	0.0	0.0
Defender	2650	0.0	0	1.0	1	0.21295000000000008	0.42
Attacker	2800	0.0	0	1.0	1	0.0	0.0
Defender	2800	0.0	0	1.0	1	0.19261648351648353	0.54
Attacker	2950	0.0	0	1.0	1	0.0	0.0
Defender	2950	0.0	0	1.0	1	0.20175428571428586	0.54
Attacker	3100	0.0	0	1.0	1	0.0	0.0
Defender	3100	0.0	0	1.0	1	0.20573928571428585	0.42
Attacker	3250	0.0	0	1.0	1	0.0	0.0
Defender	3250	0.0	0	1.0	1	0.2049900000000001	0.48
Attacker	3400	0.0	0	1.0	1	0.0	0.0
Defender	3400	0.0	0	1.0	1	0.20318414545454558	0.54
Attacker	3550	0.0	0	1.0	1	0.0	0.0
Defender	3550	0.0	0	1.0	1	0.16905181818181791	0.42
Attacker	3700	0.0	0	1.0	1	0.0	0.0
Defender	3700	0.0	0	1.0	1	0.18018028571428554	0.48
Attacker	3850	0.0	0	1.0	1	0.0	0.0
Defender	3850	0.0	0	1.0	1	0.1770756302521007	0.36
Attacker	4000	0.0	0	1.0	1	0.0	0.0
Defender	4000	0.0	0	1.0	1	0.18202142857142845	0.36
Attacker	4150	0.0	0	1.0	1	0.0	0.0
Defender	4150	0.0	0	1.0	1	0.19527047619047622	0.48
Attacker	4300	0.0	0	1.0	1	0.0	0.0
Defender	4300	0.0	0	1.0	1	0.19138690476190476	0.48
Attacker	4450	0.0	0	1.0	1	0.0	0.0
Defender	4450	0.0	0	1.0	1	0.1879849999999999	0.48
Attacker	4600	0.0	0	1.0	1	0.0	0.0
Defender	4600	0.0	0	1.0	1	0.19229333333333326	0.42
Attacker	4750	0.0	0	1.0	1	0.0	0.0
Defender	4750	0.0	0	1.0	1	0.18859285714285712	0.54
Attacker	4900	0.0	0	1.0	1	0.0	0.0
Defender	4900	0.0	0	1.0	1	0.19520285714285715	0.6
Attacker	5050	0.0	0	1.0	1	0.0	0.0
Defender	5050	0.0	0	1.0	1	0.1783581818181816	0.48

Run 9
Attacker	100	5.29	7	129.84	231	0.0	0.0
Defender	100	5.06	7	99.94	199	0.15268829057649083	0.36
Attacker	250	3.56	9	55.8	209	0.0	0.0
Defender	250	2.95	9	27.36	173	0.15775034381936132	0.54
Attacker	400	0.74	7	4.6	205	0.031011249221242015	1.8941954625664084
Defender	400	0.46	7	1.92	15	0.16164837853312874	0.42
Attacker	550	0.07	7	3.04	205	0.006034647297788967	0.6034647297788966
Defender	550	0.0	0	1.0	1	0.18722163832875882	0.6599999999999999
Attacker	700	0.07	7	3.04	205	0.015476956033927902	1.5476956033927902
Defender	700	0.0	0	1.0	1	0.21267500000000017	0.42
Attacker	850	0.14	7	5.06	205	0.021128768337117885	1.5094121039328918
Defender	850	0.0	0	1.0	1	0.21311660000000007	0.48
Attacker	1000	0.07	7	3.02	203	0.014206465969248063	1.4206465969248063
Defender	1000	0.0	0	1.0	1	0.21185251428571455	0.54
Attacker	1150	0.0	0	1.0	1	0.0	0.0
Defender	1150	0.0	0	1.0	1	0.21535000000000007	0.48
Attacker	1300	0.0	0	1.0	1	0.0	0.0
Defender	1300	0.0	0	1.0	1	0.20395000000000013	0.48
Attacker	1450	0.0	0	1.0	1	0.0	0.0
Defender	1450	0.0	0	1.0	1	0.20562881355932217	0.42
Attacker	1600	0.0	0	1.0	1	0.0	0.0
Defender	1600	0.0	0	1.0	1	0.2101600000000002	0.54
Attacker	1750	0.0	0	1.0	1	0.0	0.0
Defender	1750	0.0	0	1.0	1	0.2166000000000001	0.48
Attacker	1900	0.0	0	1.0	1	0.0	0.0
Defender	1900	0.0	0	1.0	1	0.22025000000000008	0.54
Attacker	2050	0.0	0	1.0	1	0.0	0.0
Defender	2050	0.0	0	1.0	1	0.20734720000000004	0.54
Attacker	2200	0.0	0	1.0	1	0.0	0.0
Defender	2200	0.0	0	1.0	1	0.2140572000000002	0.42
Attacker	2350	0.0	0	1.0	1	0.0	0.0
Defender	2350	0.0	0	1.0	1	0.21643714285714297	0.48
Attacker	2500	0.0	0	1.0	1	0.0	0.0
Defender	2500	0.0	0	1.0	1	0.20916722488038286	0.42
Attacker	2650	0.0	0	1.0	1	0.0	0.0
Defender	2650	0.0	0	1.0	1	0.2063685714285716	0.54
Attacker	2800	0.0	0	1.0	1	0.0	0.0
Defender	2800	0.0	0	1.0	1	0.21303121452894452	0.48
Attacker	2950	0.0	0	1.0	1	0.0	0.0
Defender	2950	0.0	0	1.0	1	0.21057500000000015	0.54
Attacker	3100	0.0	0	1.0	1	0.0	0.0
Defender	3100	0.0	0	1.0	1	0.20287000000000022	0.42
Attacker	3250	0.0	0	1.0	1	0.0	0.0
Defender	3250	0.0	0	1.0	1	0.20633142857142872	0.6
Attacker	3400	0.0	0	1.0	1	0.0	0.0
Defender	3400	0.0	0	1.0	1	0.21495000000000022	0.42
Attacker	3550	0.0	0	1.0	1	0.0	0.0
Defender	3550	0.0	0	1.0	1	0.20254285714285725	0.48
Attacker	3700	0.0	0	1.0	1	0.0	0.0
Defender	3700	0.0	0	1.0	1	0.21035000000000018	0.48
Attacker	3850	0.0	0	1.0	1	0.0	0.0
Defender	3850	0.0	0	1.0	1	0.19846939999999996	0.42
Attacker	4000	0.0	0	1.0	1	0.0	0.0
Defender	4000	0.0	0	1.0	1	0.20330000000000023	0.42
Attacker	4150	0.0	0	1.0	1	0.0	0.0
Defender	4150	0.0	0	1.0	1	0.20369333333333348	0.48
Attacker	4300	0.0	0	1.0	1	0.0	0.0
Defender	4300	0.0	0	1.0	1	0.20640714285714298	0.54
Attacker	4450	0.0	0	1.0	1	0.0	0.0
Defender	4450	0.0	0	1.0	1	0.20825714285714295	0.54
Attacker	4600	0.0	0	1.0	1	0.0	0.0
Defender	4600	0.0	0	1.0	1	0.20110000000000014	0.42
Attacker	4750	0.0	0	1.0	1	0.0	0.0
Defender	4750	0.0	0	1.0	1	0.20431940000000012	0.42
Attacker	4900	0.0	0	1.0	1	0.0	0.0
Defender	4900	0.0	0	1.0	1	0.22520000000000015	0.6599999999999999
Attacker	5050	0.0	0	1.0	1	0.0	0.0
Defender	5050	0.0	0	1.0	1	0.21495000000000014	0.54

Run 10
Attacker	100	4.59	7	105.7	225	0.0	0.0
Defender	100	5.34	7	113.88	201	0.15374081822759184	0.48
Attacker	250	1.97	9	17.78	209	0.010017507490453246	0.4765202597354166
Defender	250	3.31	8	35.68	179	0.14533090518753924	0.36
Attacker	400	0.36	7	7.54	209	0.010217124456355036	0.496168533668697
Defender	400	0.56	7	2.18	15	0.15046363666988558	0.36
Attacker	550	0.35	7	11.36	209	0.030481587125806387	1.3729501723496822
Defender	550	0.01	1	1.02	3	0.1663276275530054	0.48
Attacker	700	0.28	7	9.26	209	0.035082352406612234	1.538344903112074
Defender	700	0.0	0	1.0	1	0.19619049486287898	0.42
Attacker	850	0.22	7	7.2	209	0.04721092998923499	1.6017752010746293
Defender	850	0.0	0	1.0	1	0.21451751277414935	0.42
Attacker	1000	0.28	7	9.14	209	0.030753957460706593	1.6017752010746293
Defender	1000	0.0	0	1.0	1	0.19526234249621108	0.42
Attacker	1150	0.49	7	15.14	209	0.05685963787850914	1.938314577921213
Defender	1150	0.0	0	1.0	1	0.2020363776031985	0.42
Attacker	1300	0.49	7	15.28	209	0.038811396712818816	1.1913006493385416
Defender	1300	0.0	0	1.0	1	0.20156294797868093	0.42
Attacker	1450	0.52	9	15.08	233	0.02759407925896756	0.5062944221109154
Defender	1450	0.0	0	1.0	1	0.22725414883842357	0.48
Attacker	1600	0.77	9	21.6	233	0.044524525057405936	0.9530405194708332
Defender	1600	0.0	0	1.0	1	0.2110766587866161	0.42
Attacker	1750	0.75	9	21.3	229	0.05072453582391537	1.1212426407522404
Defender	1750	0.0	0	1.0	1	0.21398102071276515	0.54
Attacker	1900	0.74	9	21.62	229	0.07519116620297503	1.4009695636221249
Defender	1900	0.0	0	1.0	1	0.19131595479556165	0.42
Attacker	2050	0.89	9	25.64	237	0.10470058814058898	2.748410615044315
Defender	2050	0.0	0	1.0	1	0.18072352238701847	0.42
Attacker	2200	0.98	9	27.88	237	0.08533457250195225	1.7229462914855227
Defender	2200	0.0	0	1.0	1	0.20527137404877296	0.42
Attacker	2350	1.27	9	34.88	237	0.10423351643573975	1.5075780050498324
Defender	2350	0.0	0	1.0	1	0.19692474043731184	0.54
Attacker	2500	1.5	9	39.74	235	0.166264072104307	1.7939882252035848
Defender	2500	0.0	0	1.0	1	0.20108204064635873	0.42
Attacker	2650	1.6	9	41.78	235	0.16768124943019927	2.1536828643569033
Defender	2650	0.0	0	1.0	1	0.19615601147492437	0.54
Attacker	2800	1.87	9	48.98	235	0.1522366646754527	2.582435051066528
Defender	2800	0.0	0	1.0	1	0.18999159522405004	0.54
Attacker	2950	2.52	9	65.2	235	0.21221301126349243	1.938314577921213
Defender	2950	0.0	0	1.0	1	0.18727062719636084	0.48
Attacker	3100	2.65	9	66.02	231	0.22014568053369232	2.321670127776742
Defender	3100	0.0	0	1.0	1	0.1868831852021807	0.42
Attacker	3250	3.67	9	89.16	231	0.328425341132949	2.670952978663086
Defender	3250	0.0	0	1.0	1	0.1803107858976313	0.48
Attacker	3400	4.04	9	97.54	233	0.3591377083836653	2.1106092070697655
Defender	3400	0.0	0	1.0	1	0.18889654117815805	0.42
Attacker	3550	3.67	9	86.88	229	0.332561929379449	2.582435051066528
Defender	3550	0.0	0	1.0	1	0.18187705880076335	0.36
Attacker	3700	4.03	9	97.18	229	0.34022144362104045	1.6017752010746293
Defender	3700	0.0	0	1.0	1	0.1967056148897889	0.54
Attacker	3850	4.02	9	96.2	227	0.3482756339850643	1.8995482863627888
Defender	3850	0.0	0	1.0	1	0.17839385607531835	0.36
Attacker	4000	3.94	9	91.72	227	0.34061991929587276	2.1536828643569033
Defender	4000	0.0	0	1.0	1	0.19995875422395443	0.54
Attacker	4150	3.73	9	85.46	229	0.33850085753287185	2.321670127776742
Defender	4150	0.0	0	1.0	1	0.1884507583670802	0.42
Attacker	4300	3.96	9	93.72	229	0.3423273150578169	2.1536828643569033
Defender	4300	0.0	0	1.0	1	0.18267335821285358	0.42
Attacker	4450	3.64	9	86.04	229	0.4038684929359694	2.991467336102656
Defender	4450	0.0	0	1.0	1	0.1947503232430111	0.42
Attacker	4600	4.04	9	93.04	229	0.40325207164167415	3.276590639220066
Defender	4600	0.0	0	1.0	1	0.18468209752231005	0.42
Attacker	4750	4.38	9	100.62	225	0.3833218712357598	2.80450062759624
Defender	4750	0.0	0	1.0	1	0.19687519080602922	0.48
Attacker	4900	3.98	9	86.74	221	0.24981029414286696	3.298092738053178
Defender	4900	0.0	0	1.0	1	0.2016057682149376	0.48
Attacker	5050	4.23	9	93.66	221	0.4042265711073851	2.617533919089824
Defender	5050	0.0	0	1.0	1	0.2043488605329119	0.48

Run 11
Attacker	100	4.79	7	111.22	229	0.02456524789653916	0.9875416421842429
Defender	100	5.11	7	98.1	203	0.16047353855247312	0.42
Attacker	250	2.22	9	24.02	213	0.06688957739742016	5.340863774040754
Defender	250	2.76	7	23.04	179	0.15509879488550413	0.48
Attacker	400	0.47	7	11.24	213	0.11531066089227507	6.411706960735924
Defender	400	0.25	3	1.52	7	0.15436802046507175	0.48
Attacker	550	0.21	7	6.78	207	0.06327291372915261	4.768628369679244
Defender	550	0.0	0	1.0	1	0.19618389253583302	0.48
Attacker	700	0.28	7	8.54	207	0.05842765075271395	3.925534873919954
Defender	700	0.0	0	1.0	1	0.21708275066548366	0.42
Attacker	850	0.28	7	8.28	207	0.06903763105758269	3.5466088309032284
Defender	850	0.0	0	1.0	1	0.24986842809364535	0.6
Attacker	1000	0.52	9	13.74	209	0.1285899995896769	3.5466088309032284
Defender	1000	0.0	0	1.0	1	0.21813296703296708	0.48
Attacker	1150	0.68	9	17.1	209	0.18274146778567005	4.170811985142196
Defender	1150	0.0	0	1.0	1	0.21118341928494924	0.42
Attacker	1300	0.77	8	18.74	209	0.14142607608978167	2.7979884860453352
Defender	1300	0.0	0	1.0	1	0.21150175580697417	0.42
Attacker	1450	0.61	8	14.66	209	0.2259704242966435	8.519642639250888
Defender	1450	0.0	0	1.0	1	0.1983196538917748	0.48
Attacker	1600	0.85	8	21.64	207	0.2192252327182613	5.888302310879931
Defender	1600	0.0	0	1.0	1	0.20605564523021108	0.48
Attacker	1750	0.55	8	14.94	207	0.05916532680738071	2.498204005397621
Defender	1750	0.0	0	1.0	1	0.21732537915471217	0.42
Attacker	1900	0.96	9	24.74	213	0.1233228595406017	2.0984913645340013
Defender	1900	0.0	0	1.0	1	0.20811044795229022	0.6
Attacker	2050	1.14	9	28.42	213	0.13333788942888988	2.1413177189122465
Defender	2050	0.0	0	1.0	1	0.20124611153068156	0.54
Attacker	2200	1.11	9	28.56	213	0.13753767466369832	2.0984913645340013
Defender	2200	0.0	0	1.0	1	0.21394073449313133	0.54
Attacker	2350	1.67	9	42.16	213	0.20662933302259914	2.9626249265527287
Defender	2350	0.0	0	1.0	1	0.20799184449565736	0.48
Attacker	2500	1.93	9	47.86	219	0.2507989547144182	2.8453049794612406
Defender	2500	0.0	0	1.0	1	0.20159954667765118	0.42
Attacker	2650	1.7	9	41.46	213	0.2343999902817368	2.9626249265527287
Defender	2650	0.0	0	1.0	1	0.19516191069878341	0.48
Attacker	2800	2.03	9	48.34	225	0.23245966193747367	2.498204005397621
Defender	2800	0.0	0	1.0	1	0.1951502044526389	0.6
Attacker	2950	2.95	9	68.7	225	0.3743281264530996	2.498204005397621
Defender	2950	0.0	0	1.0	1	0.19029777710087706	0.42
Attacker	3100	3.62	9	83.28	233	0.3887330447597491	2.903372428021674
Defender	3100	0.0	0	1.0	1	0.18787666653420274	0.48
Attacker	3250	3.59	9	81.36	223	0.5358809431594971	4.250759181316006
Defender	3250	0.0	0	1.0	1	0.17985796266701937	0.48
Attacker	3400	4.33	9	96.94	223	0.7112897734263518	5.008118502763116
Defender	3400	0.0	0	1.0	1	0.16938119450325878	0.36
Attacker	3550	4.68	9	102.98	223	0.6023339241568235	3.4775949748970714
Defender	3550	0.0	0	1.0	1	0.1735356876686847	0.36
Attacker	3700	4.52	9	97.34	237	0.5367972290947676	3.620986021342224
Defender	3700	0.0	0	1.0	1	0.18519967706254625	0.36
Attacker	3850	4.01	9	82.56	237	0.4400495445797995	3.291805473947476
Defender	3850	0.0	0	1.0	1	0.18363790511824302	0.6
Attacker	4000	4.11	9	83.28	213	0.5947652247357703	2.498204005397621
Defender	4000	0.0	0	1.0	1	0.18931000483872892	0.42
Attacker	4150	4.38	9	88.7	213	0.5951818665734594	4.465516803018273
Defender	4150	0.0	0	1.0	1	0.18277315500520422	0.42
Attacker	4300	4.55	9	87.32	215	0.5872358634079294	3.3398822138911477
Defender	4300	0.0	0	1.0	1	0.18452462161876407	0.72
Attacker	4450	4.17	9	75.82	213	0.6019257178058894	4.337509368689802
Defender	4450	0.0	0	1.0	1	0.17682185210100396	0.36
Attacker	4600	4.3	9	77.36	213	0.5649184055972329	3.358985177497425
Defender	4600	0.0	0	1.0	1	0.17832849937157336	0.42
Attacker	4750	3.8	9	67.86	211	0.468926134631728	3.358985177497425
Defender	4750	0.0	0	1.0	1	0.18756250398023688	0.42
Attacker	4900	3.8	9	66.2	211	0.5339709364427996	3.161449977179156
Defender	4900	0.0	0	1.0	1	0.18389016556400117	0.48
Attacker	5050	4.64	9	81.64	205	0.5942769670257367	3.358985177497425
Defender	5050	0.0	0	1.0	1	0.1775734513345772	0.42

Run 12
Attacker	100	4.83	7	101.3	227	0.0	0.0
Defender	100	5.07	7	106.44	211	0.15847197431377652	0.42
Attacker	250	2.14	7	15.44	211	0.04208931435417705	2.780541323428131
Defender	250	3.05	9	33.68	177	0.15133841360693265	0.42
Attacker	400	0.26	7	6.8	209	0.029437495693326796	1.310359187615795
Defender	400	0.28	6	1.58	13	0.15330945724608097	0.42
Attacker	550	0.21	7	6.7	209	0.04718166648208606	2.097448272977016
Defender	550	0.0	0	1.0	1	0.2031242398190046	0.54
Attacker	700	0.07	7	2.8	181	0.02466599169020971	2.466599169020971
Defender	700	0.0	0	1.0	1	0.21067662334217524	0.42
Attacker	850	0.0	0	1.0	1	0.0	0.0
Defender	850	0.0	0	1.0	1	0.20961088348271467	0.42
Attacker	1000	0.0	0	1.0	1	0.0	0.0
Defender	1000	0.0	0	1.0	1	0.23178571428571437	0.48
Attacker	1150	0.0	0	1.0	1	0.0	0.0
Defender	1150	0.0	0	1.0	1	0.21758571428571438	0.54
Attacker	1300	0.0	0	1.0	1	0.0	0.0
Defender	1300	0.0	0	1.0	1	0.2119000000000002	0.48
Attacker	1450	0.0	0	1.0	1	0.0	0.0
Defender	1450	0.0	0	1.0	1	0.2145514285714287	0.54
Attacker	1600	0.0	0	1.0	1	0.0	0.0
Defender	1600	0.0	0	1.0	1	0.2048238631578948	0.48
Attacker	1750	0.0	0	1.0	1	0.0	0.0
Defender	1750	0.0	0	1.0	1	0.2104702807882796	0.48
Attacker	1900	0.0	0	1.0	1	0.0	0.0
Defender	1900	0.0	0	1.0	1	0.23940000000000006	0.6
Attacker	2050	0.0	0	1.0	1	0.0	0.0
Defender	2050	0.0	0	1.0	1	0.19240000000000004	0.42
Attacker	2200	0.0	0	1.0	1	0.0	0.0
Defender	2200	0.0	0	1.0	1	0.19885273333333348	0.72
Attacker	2350	0.0	0	1.0	1	0.0	0.0
Defender	2350	0.0	0	1.0	1	0.22223333333333342	0.6
Attacker	2500	0.0	0	1.0	1	0.0	0.0
Defender	2500	0.0	0	1.0	1	0.2099710000000001	0.48
Attacker	2650	0.0	0	1.0	1	0.0	0.0
Defender	2650	0.0	0	1.0	1	0.20360000000000011	0.48
Attacker	2800	0.0	0	1.0	1	0.0	0.0
Defender	2800	0.0	0	1.0	1	0.21963601831896556	0.54
Attacker	2950	0.0	0	1.0	1	0.0	0.0
Defender	2950	0.0	0	1.0	1	0.21677917142857153	0.48
Attacker	3100	0.0	0	1.0	1	0.0	0.0
Defender	3100	0.0	0	1.0	1	0.20760000000000015	0.48
Attacker	3250	0.0	0	1.0	1	0.0	0.0
Defender	3250	0.0	0	1.0	1	0.21498500000000015	0.42
Attacker	3400	0.0	0	1.0	1	0.0	0.0
Defender	3400	0.0	0	1.0	1	0.21340000000000015	0.42
Attacker	3550	0.0	0	1.0	1	0.0	0.0
Defender	3550	0.0	0	1.0	1	0.21280000000000013	0.42
Attacker	3700	0.0	0	1.0	1	0.0	0.0
Defender	3700	0.0	0	1.0	1	0.19701260000000015	0.42
Attacker	3850	0.0	0	1.0	1	0.0	0.0
Defender	3850	0.0	0	1.0	1	0.2159076923076924	0.48
Attacker	4000	0.0	0	1.0	1	0.0	0.0
Defender	4000	0.0	0	1.0	1	0.22903473333333335	0.54
Attacker	4150	0.0	0	1.0	1	0.0	0.0
Defender	4150	0.0	0	1.0	1	0.22343880000000013	0.42
Attacker	4300	0.0	0	1.0	1	0.0	0.0
Defender	4300	0.0	0	1.0	1	0.21570000000000022	0.54
Attacker	4450	0.09	9	1.62	63	0.010477662806697848	1.0477662806697847
Defender	4450	0.0	0	1.0	1	0.21895396419437352	0.42
Attacker	4600	0.0	0	1.0	1	0.0	0.0
Defender	4600	0.0	0	1.0	1	0.2319817518248176	0.6
Attacker	4750	0.0	0	1.0	1	0.0	0.0
Defender	4750	0.0	0	1.0	1	0.21660000000000015	0.48
Attacker	4900	0.0	0	1.0	1	0.0	0.0
Defender	4900	0.0	0	1.0	1	0.22114480000000014	0.48
Attacker	5050	0.0	0	1.0	1	0.0	0.0
Defender	5050	0.0	0	1.0	1	0.2282000000000001	0.48

Run 13
Attacker	100	5.04	7	114.96	231	0.0011259026247995288	0.06580165058409337
Defender	100	5.12	7	102.06	203	0.14971980676366023	0.42
Attacker	250	2.56	7	31.14	223	0.025156868398881534	2.5156868398881533
Defender	250	2.91	7	29.12	171	0.15991998926232764	0.42
Attacker	400	0.18	3	1.36	7	0.0	0.0
Defender	400	0.31	5	1.64	13	0.1633727916931461	0.48
Attacker	550	0.01	1	1.02	3	0.0007745348349403775	0.07745348349403774
Defender	550	0.0	0	1.0	1	0.15942411441569168	0.42
Attacker	700	0.0	0	1.0	1	0.0	0.0
Defender	700	0.0	0	1.0	1	0.22476666666666678	0.54
Attacker	850	0.0	0	1.0	1	0.0	0.0
Defender	850	0.0	0	1.0	1	0.21297741935483885	0.42
Attacker	1000	0.0	0	1.0	1	0.0	0.0
Defender	1000	0.0	0	1.0	1	0.20345000000000021	0.54
Attacker	1150	0.0	0	1.0	1	0.0	0.0
Defender	1150	0.0	0	1.0	1	0.19196756906077359	0.54
Attacker	1300	0.0	0	1.0	1	0.0	0.0
Defender	1300	0.0	0	1.0	1	0.18904999999999997	0.48
Attacker	1450	0.0	0	1.0	1	0.0	0.0
Defender	1450	0.0	0	1.0	1	0.20350000000000013	0.54
Attacker	1600	0.0	0	1.0	1	0.0	0.0
Defender	1600	0.0	0	1.0	1	0.2074611111111113	0.54
Attacker	1750	0.0	0	1.0	1	0.0	0.0
Defender	1750	0.0	0	1.0	1	0.2166454407294834	0.42
Attacker	1900	0.0	0	1.0	1	0.0	0.0
Defender	1900	0.0	0	1.0	1	0.22076000000000018	0.54
Attacker	2050	0.0	0	1.0	1	0.0	0.0
Defender	2050	0.0	0	1.0	1	0.20925000000000005	0.42
Attacker	2200	0.0	0	1.0	1	0.0	0.0
Defender	2200	0.0	0	1.0	1	0.21565463076923094	0.6
Attacker	2350	0.0	0	1.0	1	0.0	0.0
Defender	2350	0.0	0	1.0	1	0.20575600000000013	0.48
Attacker	2500	0.0	0	1.0	1	0.0	0.0
Defender	2500	0.0	0	1.0	1	0.20986857142857168	0.54
Attacker	2650	0.0	0	1.0	1	0.0	0.0
Defender	2650	0.0	0	1.0	1	0.2123384615384617	0.42
Attacker	2800	0.0	0	1.0	1	0.0	0.0
Defender	2800	0.0	0	1.0	1	0.21353214285714298	0.54
Attacker	2950	0.0	0	1.0	1	0.0	0.0
Defender	2950	0.0	0	1.0	1	0.2133236000000001	0.6
Attacker	3100	0.09	9	1.46	47	0.0031400920127926646	0.31400920127926646
Defender	3100	0.0	0	1.0	1	0.2193094202898553	0.6
Attacker	3250	0.0	0	1.0	1	0.0	0.0
Defender	3250	0.0	0	1.0	1	0.1974704399579882	0.54
Attacker	3400	0.0	0	1.0	1	0.0	0.0
Defender	3400	0.0	0	1.0	1	0.21990000000000015	0.48
Attacker	3550	0.0	0	1.0	1	0.0	0.0
Defender	3550	0.0	0	1.0	1	0.23040000000000005	0.54
Attacker	3700	0.0	0	1.0	1	0.0	0.0
Defender	3700	0.0	0	1.0	1	0.22596315789473695	0.42
Attacker	3850	0.0	0	1.0	1	0.0	0.0
Defender	3850	0.0	0	1.0	1	0.22738987012987025	0.48
Attacker	4000	0.0	0	1.0	1	0.0	0.0
Defender	4000	0.0	0	1.0	1	0.20690000000000017	0.48
Attacker	4150	0.0	0	1.0	1	0.0	0.0
Defender	4150	0.0	0	1.0	1	0.21843318777292597	0.6
Attacker	4300	0.0	0	1.0	1	0.0	0.0
Defender	4300	0.0	0	1.0	1	0.2197498003992016	0.42
Attacker	4450	0.0	0	1.0	1	0.0	0.0
Defender	4450	0.0	0	1.0	1	0.2048904109589042	0.48
Attacker	4600	0.0	0	1.0	1	0.0	0.0
Defender	4600	0.0	0	1.0	1	0.21500000000000022	0.54
Attacker	4750	0.0	0	1.0	1	0.0	0.0
Defender	4750	0.0	0	1.0	1	0.19520000000000018	0.48
Attacker	4900	0.0	0	1.0	1	0.0	0.0
Defender	4900	0.0	0	1.0	1	0.20892000000000013	0.42
Attacker	5050	0.0	0	1.0	1	0.0	0.0
Defender	5050	0.0	0	1.0	1	0.20794714285714305	0.48

Run 14
Attacker	100	4.84	7	114.86	233	0.0037573557703232483	0.35669949071146045
Defender	100	5.12	7	104.8	203	0.1544035649895389	0.6
Attacker	250	2.32	7	28.88	223	0.011879324410724852	0.8926594280763612
Defender	250	2.94	8	30.84	181	0.155124728718549	0.36
Attacker	400	0.33	7	1.68	17	0.0	0.0
Defender	400	0.32	7	1.68	19	0.16124687161031256	0.54
Attacker	550	0.0	0	1.0	1	0.0	0.0
Defender	550	0.0	0	1.0	1	0.19956192237196782	0.54
Attacker	700	0.0	0	1.0	1	0.0	0.0
Defender	700	0.0	0	1.0	1	0.2091000000000002	0.42
Attacker	850	0.0	0	1.0	1	0.0	0.0
Defender	850	0.0	0	1.0	1	0.2076514000000002	0.48
Attacker	1000	0.0	0	1.0	1	0.0	0.0
Defender	1000	0.0	0	1.0	1	0.23445000000000008	0.48
Attacker	1150	0.0	0	1.0	1	0.0	0.0
Defender	1150	0.0	0	1.0	1	0.2131500000000001	0.48
Attacker	1300	0.0	0	1.0	1	0.0	0.0
Defender	1300	0.0	0	1.0	1	0.20879271780821937	0.48
Attacker	1450	0.0	0	1.0	1	0.0	0.0
Defender	1450	0.0	0	1.0	1	0.21758415584415597	0.48
Attacker	1600	0.0	0	1.0	1	0.0	0.0
Defender	1600	0.0	0	1.0	1	0.2271000000000001	0.48
Attacker	1750	0.0	0	1.0	1	0.0	0.0
Defender	1750	0.0	0	1.0	1	0.21140000000000017	0.6
Attacker	1900	0.0	0	1.0	1	0.0	0.0
Defender	1900	0.0	0	1.0	1	0.22525000000000012	0.48
Attacker	2050	0.0	0	1.0	1	0.0	0.0
Defender	2050	0.0	0	1.0	1	0.21634000000000025	0.42
Attacker	2200	0.0	0	1.0	1	0.0	0.0
Defender	2200	0.0	0	1.0	1	0.21591308203991147	0.6
Attacker	2350	0.0	0	1.0	1	0.0	0.0
Defender	2350	0.0	0	1.0	1	0.2377199999999999	0.42
Attacker	2500	0.0	0	1.0	1	0.0	0.0
Defender	2500	0.0	0	1.0	1	0.22236280000000014	0.48
Attacker	2650	0.0	0	1.0	1	0.0	0.0
Defender	2650	0.0	0	1.0	1	0.21945000000000012	0.48
Attacker	2800	0.0	0	1.0	1	0.0	0.0
Defender	2800	0.0	0	1.0	1	0.2154857142857145	0.54
Attacker	2950	0.0	0	1.0	1	0.0	0.0
Defender	2950	0.0	0	1.0	1	0.2294646	0.6599999999999999
Attacker	3100	0.0	0	1.0	1	0.0	0.0
Defender	3100	0.0	0	1.0	1	0.22673580000000015	0.6
Attacker	3250	0.0	0	1.0	1	0.0	0.0
Defender	3250	0.0	0	1.0	1	0.2084713798147246	0.48
Attacker	3400	0.0	0	1.0	1	0.0	0.0
Defender	3400	0.0	0	1.0	1	0.20839406099518468	0.42
Attacker	3550	0.0	0	1.0	1	0.0	0.0
Defender	3550	0.0	0	1.0	1	0.20490000000000028	0.54
Attacker	3700	0.0	0	1.0	1	0.0	0.0
Defender	3700	0.0	0	1.0	1	0.2098018987341774	0.48
Attacker	3850	0.0	0	1.0	1	0.0	0.0
Defender	3850	0.0	0	1.0	1	0.20535000000000006	0.54
Attacker	4000	0.0	0	1.0	1	0.0	0.0
Defender	4000	0.0	0	1.0	1	0.22080000000000016	0.48
Attacker	4150	0.0	0	1.0	1	0.0	0.0
Defender	4150	0.0	0	1.0	1	0.2049731024630544	0.6
Attacker	4300	0.0	0	1.0	1	0.0	0.0
Defender	4300	0.0	0	1.0	1	0.21087857142857164	0.48
Attacker	4450	0.0	0	1.0	1	0.0	0.0
Defender	4450	0.0	0	1.0	1	0.20100000000000015	0.54
Attacker	4600	0.0	0	1.0	1	0.0	0.0
Defender	4600	0.0	0	1.0	1	0.20194726206896568	0.48
Attacker	4750	0.0	0	1.0	1	0.0	0.0
Defender	4750	0.0	0	1.0	1	0.21354000000000015	0.54
Attacker	4900	0.0	0	1.0	1	0.0	0.0
Defender	4900	0.0	0	1.0	1	0.21417500000000017	0.54
Attacker	5050	0.0	0	1.0	1	0.0	0.0
Defender	5050	0.0	0	1.0	1	0.21190000000000012	0.42

Run 15
Attacker	100	4.94	7	111.7	227	0.05366959471561252	5.141303843108304
Defender	100	4.62	7	91.18	213	0.14575055390657096	0.3
Attacker	250	2.4	9	28.06	213	0.031101100866413756	2.1382985319791525
Defender	250	2.11	8	16.68	177	0.1499178207527345	0.48
Attacker	400	0.12	2	1.24	5	0.0	0.0
Defender	400	0.08	2	1.16	5	0.1657320282387243	0.42
Attacker	550	0.0	0	1.0	1	0.0	0.0
Defender	550	0.0	0	1.0	1	0.1842384093371416	0.36
Attacker	700	0.0	0	1.0	1	0.0	0.0
Defender	700	0.0	0	1.0	1	0.20081401098901114	0.6
Attacker	850	0.0	0	1.0	1	0.0	0.0
Defender	850	0.0	0	1.0	1	0.2110657142857145	0.48
Attacker	1000	0.0	0	1.0	1	0.0	0.0
Defender	1000	0.0	0	1.0	1	0.20085129870129884	0.54
Attacker	1150	0.0	0	1.0	1	0.0	0.0
Defender	1150	0.0	0	1.0	1	0.19961428571428586	0.54
Attacker	1300	0.0	0	1.0	1	0.0	0.0
Defender	1300	0.0	0	1.0	1	0.21508966060276966	0.48
Attacker	1450	0.0	0	1.0	1	0.0	0.0
Defender	1450	0.0	0	1.0	1	0.2013678571428573	0.42
Attacker	1600	0.0	0	1.0	1	0.0	0.0
Defender	1600	0.0	0	1.0	1	0.2150251090909092	0.48
Attacker	1750	0.0	0	1.0	1	0.0	0.0
Defender	1750	0.0	0	1.0	1	0.20951460317460327	0.54
Attacker	1900	0.0	0	1.0	1	0.0	0.0
Defender	1900	0.0	0	1.0	1	0.215425263157895	0.48
Attacker	2050	0.0	0	1.0	1	0.0	0.0
Defender	2050	0.0	0	1.0	1	0.2096611336032389	0.48
Attacker	2200	0.0	0	1.0	1	0.0	0.0
Defender	2200	0.0	0	1.0	1	0.19240000000000002	0.48
Attacker	2350	0.0	0	1.0	1	0.0	0.0
Defender	2350	0.0	0	1.0	1	0.20375212765957457	0.6
Attacker	2500	0.0	0	1.0	1	0.0	0.0
Defender	2500	0.0	0	1.0	1	0.19211000000000006	0.42
Attacker	2650	0.0	0	1.0	1	0.0	0.0
Defender	2650	0.0	0	1.0	1	0.21307187500000016	0.48
Attacker	2800	0.0	0	1.0	1	0.0	0.0
Defender	2800	0.0	0	1.0	1	0.20919000000000018	0.6
Attacker	2950	0.0	0	1.0	1	0.0	0.0
Defender	2950	0.0	0	1.0	1	0.23130000000000003	0.6
Attacker	3100	0.0	0	1.0	1	0.0	0.0
Defender	3100	0.0	0	1.0	1	0.2168403844155845	0.42
Attacker	3250	0.0	0	1.0	1	0.0	0.0
Defender	3250	0.0	0	1.0	1	0.2138600000000001	0.48
Attacker	3400	0.0	0	1.0	1	0.0	0.0
Defender	3400	0.0	0	1.0	1	0.19040142857142864	0.42
Attacker	3550	0.0	0	1.0	1	0.0	0.0
Defender	3550	0.0	0	1.0	1	0.2064281818181819	0.48
Attacker	3700	0.0	0	1.0	1	0.0	0.0
Defender	3700	0.0	0	1.0	1	0.21337500000000026	0.48
Attacker	3850	0.0	0	1.0	1	0.0	0.0
Defender	3850	0.0	0	1.0	1	0.21420000000000008	0.48
Attacker	4000	0.0	0	1.0	1	0.0	0.0
Defender	4000	0.0	0	1.0	1	0.22049692307692323	0.54
Attacker	4150	0.0	0	1.0	1	0.0	0.0
Defender	4150	0.0	0	1.0	1	0.21870000000000014	0.42
Attacker	4300	0.0	0	1.0	1	0.0	0.0
Defender	4300	0.0	0	1.0	1	0.21925333333333344	0.54
Attacker	4450	0.0	0	1.0	1	0.0	0.0
Defender	4450	0.0	0	1.0	1	0.2306418	0.42
Attacker	4600	0.0	0	1.0	1	0.0	0.0
Defender	4600	0.0	0	1.0	1	0.22046174908628655	0.6
Attacker	4750	0.0	0	1.0	1	0.0	0.0
Defender	4750	0.0	0	1.0	1	0.22257840000000012	0.42
Attacker	4900	0.0	0	1.0	1	0.0	0.0
Defender	4900	0.0	0	1.0	1	0.22280000000000016	0.42
Attacker	5050	0.0	0	1.0	1	0.0	0.0
Defender	5050	0.0	0	1.0	1	0.2246000000000001	0.54

Run 16
Attacker	100	5.19	7	116.4	227	0.023176407095265986	1.4206465969248063
Defender	100	4.82	7	106.38	199	0.14223328695193524	0.42
Attacker	250	3.09	9	36.74	203	0.0	0.0
Defender	250	2.91	9	37.76	183	0.14417312551165753	0.36
Attacker	400	0.48	7	2.06	23	0.0	0.0
Defender	400	0.29	7	1.6	15	0.14265890369092116	0.36
Attacker	550	0.0	0	1.0	1	0.0	0.0
Defender	550	0.0	0	1.0	1	0.20052279183673477	0.48
Attacker	700	0.0	0	1.0	1	0.0	0.0
Defender	700	0.0	0	1.0	1	0.21233235294117656	0.54
Attacker	850	0.0	0	1.0	1	0.0	0.0
Defender	850	0.0	0	1.0	1	0.20406269841269858	0.42
Attacker	1000	0.0	0	1.0	1	0.0	0.0
Defender	1000	0.0	0	1.0	1	0.2174647293233084	0.48
Attacker	1150	0.0	0	1.0	1	0.0	0.0
Defender	1150	0.0	0	1.0	1	0.1954085714285715	0.42
Attacker	1300	0.0	0	1.0	1	0.0	0.0
Defender	1300	0.0	0	1.0	1	0.21591337837837854	0.6
Attacker	1450	0.0	0	1.0	1	0.0	0.0
Defender	1450	0.0	0	1.0	1	0.19256000000000006	0.54
Attacker	1600	0.0	0	1.0	1	0.0	0.0
Defender	1600	0.0	0	1.0	1	0.20029310492505367	0.48
Attacker	1750	0.0	0	1.0	1	0.0	0.0
Defender	1750	0.0	0	1.0	1	0.20729166666666685	0.54
Attacker	1900	0.0	0	1.0	1	0.0	0.0
Defender	1900	0.0	0	1.0	1	0.1992000000000001	0.48
Attacker	2050	0.0	0	1.0	1	0.0	0.0
Defender	2050	0.0	0	1.0	1	0.22981411764705884	0.54
Attacker	2200	0.0	0	1.0	1	0.0	0.0
Defender	2200	0.0	0	1.0	1	0.2261308000000001	0.54
Attacker	2350	0.0	0	1.0	1	0.0	0.0
Defender	2350	0.0	0	1.0	1	0.20663166666666688	0.42
Attacker	2500	0.0	0	1.0	1	0.0	0.0
Defender	2500	0.0	0	1.0	1	0.20497000000000007	0.48
Attacker	2650	0.0	0	1.0	1	0.0	0.0
Defender	2650	0.0	0	1.0	1	0.21798000000000017	0.48
Attacker	2800	0.0	0	1.0	1	0.0	0.0
Defender	2800	0.0	0	1.0	1	0.20890000000000014	0.48
Attacker	2950	0.0	0	1.0	1	0.0	0.0
Defender	2950	0.0	0	1.0	1	0.22945000000000018	0.6
Attacker	3100	0.0	0	1.0	1	0.0	0.0
Defender	3100	0.0	0	1.0	1	0.21062000000000014	0.42
Attacker	3250	0.0	0	1.0	1	0.0	0.0
Defender	3250	0.0	0	1.0	1	0.21686000000000022	0.54
Attacker	3400	0.0	0	1.0	1	0.0	0.0
Defender	3400	0.0	0	1.0	1	0.19567000000000015	0.48
Attacker	3550	0.0	0	1.0	1	0.0	0.0
Defender	3550	0.0	0	1.0	1	0.20218500000000017	0.54
Attacker	3700	0.0	0	1.0	1	0.0	0.0
Defender	3700	0.0	0	1.0	1	0.20526338181818202	0.6599999999999999
Attacker	3850	0.0	0	1.0	1	0.0	0.0
Defender	3850	0.0	0	1.0	1	0.19502054945054959	0.48
Attacker	4000	0.0	0	1.0	1	0.0	0.0
Defender	4000	0.0	0	1.0	1	0.1893585714285714	0.42
Attacker	4150	0.0	0	1.0	1	0.0	0.0
Defender	4150	0.0	0	1.0	1	0.19717821008403363	0.48
Attacker	4300	0.0	0	1.0	1	0.0	0.0
Defender	4300	0.0	0	1.0	1	0.18064999999999995	0.54
Attacker	4450	0.0	0	1.0	1	0.0	0.0
Defender	4450	0.0	0	1.0	1	0.17713188710801378	0.36
Attacker	4600	0.0	0	1.0	1	0.0	0.0
Defender	4600	0.0	0	1.0	1	0.19435523809523814	0.48
Attacker	4750	0.0	0	1.0	1	0.0	0.0
Defender	4750	0.0	0	1.0	1	0.19259560000000003	0.6599999999999999
Attacker	4900	0.0	0	1.0	1	0.0	0.0
Defender	4900	0.0	0	1.0	1	0.1924521428571429	0.48
Attacker	5050	0.0	0	1.0	1	0.0	0.0
Defender	5050	0.0	0	1.0	1	0.18020452380952365	0.36

Run 17
Attacker	100	5.32	7	125.38	225	0.0	0.0
Defender	100	4.95	7	94.42	201	0.1409387742821152	0.36
Attacker	250	3.44	8	48.34	207	0.0	0.0
Defender	250	2.27	7	18.3	185	0.15850018579258782	0.48
Attacker	400	1.06	7	3.66	41	0.0	0.0
Defender	400	0.05	1	1.1	3	0.1627640949659151	0.42
Attacker	550	0.01	1	1.02	3	0.0	0.0
Defender	550	0.0	0	1.0	1	0.21012394543970725	0.48
Attacker	700	0.0	0	1.0	1	0.0	0.0
Defender	700	0.0	0	1.0	1	0.2071928571428573	0.54
Attacker	850	0.0	0	1.0	1	0.0	0.0
Defender	850	0.0	0	1.0	1	0.23157640000000004	0.48
Attacker	1000	0.0	0	1.0	1	0.0	0.0
Defender	1000	0.0	0	1.0	1	0.19970000000000007	0.54
Attacker	1150	0.0	0	1.0	1	0.0	0.0
Defender	1150	0.0	0	1.0	1	0.1923666666666667	0.42
Attacker	1300	0.0	0	1.0	1	0.0	0.0
Defender	1300	0.0	0	1.0	1	0.23064285714285718	0.54
Attacker	1450	0.0	0	1.0	1	0.0	0.0
Defender	1450	0.0	0	1.0	1	0.20770000000000022	0.54
Attacker	1600	0.0	0	1.0	1	0.0	0.0
Defender	1600	0.0	0	1.0	1	0.19934000000000004	0.42
Attacker	1750	0.0	0	1.0	1	0.0	0.0
Defender	1750	0.0	0	1.0	1	0.24780000000000016	0.54
Attacker	1900	0.0	0	1.0	1	0.0	0.0
Defender	1900	0.0	0	1.0	1	0.23085000000000014	0.42
Attacker	2050	0.0	0	1.0	1	0.0	0.0
Defender	2050	0.0	0	1.0	1	0.2111500000000001	0.54
Attacker	2200	0.0	0	1.0	1	0.0	0.0
Defender	2200	0.0	0	1.0	1	0.20315199999999997	0.48
Attacker	2350	0.0	0	1.0	1	0.0	0.0
Defender	2350	0.0	0	1.0	1	0.2122622916666668	0.48
Attacker	2500	0.0	0	1.0	1	0.0	0.0
Defender	2500	0.0	0	1.0	1	0.20523440000000015	0.54
Attacker	2650	0.0	0	1.0	1	0.0	0.0
Defender	2650	0.0	0	1.0	1	0.20864102857142872	0.48
Attacker	2800	0.0	0	1.0	1	0.0	0.0
Defender	2800	0.0	0	1.0	1	0.20175047619047642	0.42
Attacker	2950	0.0	0	1.0	1	0.0	0.0
Defender	2950	0.0	0	1.0	1	0.20040000000000016	0.42
Attacker	3100	0.0	0	1.0	1	0.0	0.0
Defender	3100	0.0	0	1.0	1	0.21385860000000012	0.42
Attacker	3250	0.0	0	1.0	1	0.0	0.0
Defender	3250	0.0	0	1.0	1	0.2069000000000002	0.48
Attacker	3400	0.0	0	1.0	1	0.0	0.0
Defender	3400	0.0	0	1.0	1	0.21578620000000012	0.54
Attacker	3550	0.0	0	1.0	1	0.0	0.0
Defender	3550	0.0	0	1.0	1	0.22181426377055094	0.48
Attacker	3700	0.0	0	1.0	1	0.0	0.0
Defender	3700	0.0	0	1.0	1	0.22920000000000004	0.6
Attacker	3850	0.0	0	1.0	1	0.0	0.0
Defender	3850	0.0	0	1.0	1	0.21487500000000018	0.6
Attacker	4000	0.0	0	1.0	1	0.0	0.0
Defender	4000	0.0	0	1.0	1	0.2301428571428572	0.42
Attacker	4150	0.0	0	1.0	1	0.0	0.0
Defender	4150	0.0	0	1.0	1	0.23415000000000005	0.48
Attacker	4300	0.0	0	1.0	1	0.0	0.0
Defender	4300	0.0	0	1.0	1	0.22810620000000012	0.54
Attacker	4450	0.0	0	1.0	1	0.0	0.0
Defender	4450	0.0	0	1.0	1	0.22349160000000012	0.48
Attacker	4600	0.0	0	1.0	1	0.0	0.0
Defender	4600	0.0	0	1.0	1	0.21620000000000014	0.54
Attacker	4750	0.0	0	1.0	1	0.0	0.0
Defender	4750	0.0	0	1.0	1	0.24389999999999998	0.48
Attacker	4900	0.0	0	1.0	1	0.0	0.0
Defender	4900	0.0	0	1.0	1	0.2348131578947369	0.48
Attacker	5050	0.0	0	1.0	1	0.0	0.0
Defender	5050	0.0	0	1.0	1	0.2402999999999999	0.6

Run 18
Attacker	100	4.0	7	83.76	229	0.015818100507897174	1.5792812279518267
Defender	100	4.66	7	89.1	195	0.15097534582824962	0.48
Attacker	250	1.62	9	12.18	225	0.05129389777573525	4.337509368689802
Defender	250	2.06	9	14.08	175	0.15731162571847568	0.42
Attacker	400	0.26	9	7.22	229	0.014769669906636394	0.8561013359089861
Defender	400	0.06	2	1.12	5	0.14515816383704555	0.42
Attacker	550	0.52	9	12.86	203	0.03385946124177706	1.0925090402613502
Defender	550	0.0	0	1.0	1	0.20065770075982278	0.42
Attacker	700	0.18	9	4.96	203	0.03543921381586524	3.098220977635573
Defender	700	0.0	0	1.0	1	0.22748971657131775	0.48
Attacker	850	0.18	9	4.94	203	0.016034538998082323	1.2086335928202756
Defender	850	0.0	0	1.0	1	0.2115663356151712	0.48
Attacker	1000	0.0	0	1.0	1	0.0	0.0
Defender	1000	0.0	0	1.0	1	0.2197332856529994	0.6
Attacker	1150	0.0	0	1.0	1	0.0	0.0
Defender	1150	0.0	0	1.0	1	0.20411500000000019	0.48
Attacker	1300	0.0	0	1.0	1	0.0	0.0
Defender	1300	0.0	0	1.0	1	0.2096000000000001	0.42
Attacker	1450	0.0	0	1.0	1	0.0	0.0
Defender	1450	0.0	0	1.0	1	0.21104000000000017	0.48
Attacker	1600	0.0	0	1.0	1	0.0	0.0
Defender	1600	0.0	0	1.0	1	0.20863974683544328	0.54
Attacker	1750	0.0	0	1.0	1	0.0	0.0
Defender	1750	0.0	0	1.0	1	0.22122000000000014	0.48
Attacker	1900	0.0	0	1.0	1	0.0	0.0
Defender	1900	0.0	0	1.0	1	0.23080000000000012	0.6
Attacker	2050	0.0	0	1.0	1	0.0	0.0
Defender	2050	0.0	0	1.0	1	0.21210000000000012	0.48
Attacker	2200	0.0	0	1.0	1	0.0	0.0
Defender	2200	0.0	0	1.0	1	0.2241142000000002	0.42
Attacker	2350	0.0	0	1.0	1	0.0	0.0
Defender	2350	0.0	0	1.0	1	0.2144150000000002	0.54
Attacker	2500	0.0	0	1.0	1	0.0	0.0
Defender	2500	0.0	0	1.0	1	0.21335000000000004	0.48
Attacker	2650	0.0	0	1.0	1	0.0	0.0
Defender	2650	0.0	0	1.0	1	0.22076340000000008	0.48
Attacker	2800	0.0	0	1.0	1	0.0	0.0
Defender	2800	0.0	0	1.0	1	0.2149946341463416	0.54
Attacker	2950	0.0	0	1.0	1	0.0	0.0
Defender	2950	0.0	0	1.0	1	0.22020000000000015	0.54
Attacker	3100	0.0	0	1.0	1	0.0	0.0
Defender	3100	0.0	0	1.0	1	0.2457	0.48
Attacker	3250	0.0	0	1.0	1	0.0	0.0
Defender	3250	0.0	0	1.0	1	0.24148354285714288	0.48
Attacker	3400	0.0	0	1.0	1	0.0	0.0
Defender	3400	0.0	0	1.0	1	0.21840000000000004	0.54
Attacker	3550	0.0	0	1.0	1	0.0	0.0
Defender	3550	0.0	0	1.0	1	0.21360000000000012	0.42
Attacker	3700	0.0	0	1.0	1	0.0	0.0
Defender	3700	0.0	0	1.0	1	0.22763999999999998	0.6
Attacker	3850	0.0	0	1.0	1	0.0	0.0
Defender	3850	0.0	0	1.0	1	0.22320000000000015	0.72
Attacker	4000	0.0	0	1.0	1	0.0	0.0
Defender	4000	0.0	0	1.0	1	0.23445384615384623	0.54
Attacker	4150	0.0	0	1.0	1	0.0	0.0
Defender	4150	0.0	0	1.0	1	0.21863520000000014	0.48
Attacker	4300	0.0	0	1.0	1	0.0	0.0
Defender	4300	0.0	0	1.0	1	0.2066200000000002	0.48
Attacker	4450	0.0	0	1.0	1	0.0	0.0
Defender	4450	0.0	0	1.0	1	0.2186481272727274	0.54
Attacker	4600	0.0	0	1.0	1	0.0	0.0
Defender	4600	0.0	0	1.0	1	0.20838152866242055	0.48
Attacker	4750	0.0	0	1.0	1	0.0	0.0
Defender	4750	0.0	0	1.0	1	0.2252672588832488	0.6
Attacker	4900	0.0	0	1.0	1	0.0	0.0
Defender	4900	0.0	0	1.0	1	0.2118476744186048	0.54
Attacker	5050	0.0	0	1.0	1	0.0	0.0
Defender	5050	0.0	0	1.0	1	0.20660000000000026	0.42

Run 19
Attacker	100	5.11	7	98.04	229	0.0	0.0
Defender	100	5.14	7	100.0	207	0.1507042396939872	0.42
Attacker	250	3.07	9	13.0	199	0.00620519106878511	0.620519106878511
Defender	250	2.81	7	23.22	177	0.14313932665843032	0.36
Attacker	400	0.53	7	2.08	15	0.0	0.0
Defender	400	0.26	5	1.56	15	0.1518654350225135	0.48
Attacker	550	0.0	0	1.0	1	0.0	0.0
Defender	550	0.0	0	1.0	1	0.1890150634352303	0.36
Attacker	700	0.0	0	1.0	1	0.0	0.0
Defender	700	0.0	0	1.0	1	0.1892334	0.48
Attacker	850	0.0	0	1.0	1	0.0	0.0
Defender	850	0.0	0	1.0	1	0.20088727272727286	0.42
Attacker	1000	0.0	0	1.0	1	0.0	0.0
Defender	1000	0.0	0	1.0	1	0.19823333333333346	0.54
Attacker	1150	0.0	0	1.0	1	0.0	0.0
Defender	1150	0.0	0	1.0	1	0.20562500000000017	0.48
Attacker	1300	0.0	0	1.0	1	0.0	0.0
Defender	1300	0.0	0	1.0	1	0.22030000000000005	0.48
Attacker	1450	0.0	0	1.0	1	0.0	0.0
Defender	1450	0.0	0	1.0	1	0.20643300000000017	0.42
Attacker	1600	0.0	0	1.0	1	0.0	0.0
Defender	1600	0.0	0	1.0	1	0.19021000000000002	0.48
Attacker	1750	0.0	0	1.0	1	0.0	0.0
Defender	1750	0.0	0	1.0	1	0.21147876106194702	0.42
Attacker	1900	0.0	0	1.0	1	0.0	0.0
Defender	1900	0.0	0	1.0	1	0.19461212121212132	0.54
Attacker	2050	0.0	0	1.0	1	0.0	0.0
Defender	2050	0.0	0	1.0	1	0.19379285714285724	0.54
Attacker	2200	0.0	0	1.0	1	0.0	0.0
Defender	2200	0.0	0	1.0	1	0.2119500000000002	0.48
Attacker	2350	0.0	0	1.0	1	0.0	0.0
Defender	2350	0.0	0	1.0	1	0.19998000000000016	0.48
Attacker	2500	0.0	0	1.0	1	0.0	0.0
Defender	2500	0.0	0	1.0	1	0.2406000000000001	0.54
Attacker	2650	0.0	0	1.0	1	0.0	0.0
Defender	2650	0.0	0	1.0	1	0.20532367346938796	0.42
Attacker	2800	0.0	0	1.0	1	0.0	0.0
Defender	2800	0.0	0	1.0	1	0.20031000000000015	0.36
Attacker	2950	0.06	6	1.16	17	0.005601092749533644	0.5601092749533644
Defender	2950	0.0	0	1.0	1	0.22523250000000014	0.6599999999999999
Attacker	3100	0.06	6	1.16	17	0.0026358518435595345	0.26358518435595346
Defender	3100	0.0	0	1.0	1	0.20930517412935326	0.42
Attacker	3250	0.06	6	1.16	17	0.027289269351778334	2.7289269351778334
Defender	3250	0.0	0	1.0	1	0.18931527347781218	0.48
Attacker	3400	0.0	0	1.0	1	0.0	0.0
Defender	3400	0.0	0	1.0	1	0.22184615384615405	0.48
Attacker	3550	0.0	0	1.0	1	0.0	0.0
Defender	3550	0.0	0	1.0	1	0.20176363636363653	0.36
Attacker	3700	0.0	0	1.0	1	0.0	0.0
Defender	3700	0.0	0	1.0	1	0.2081000000000002	0.54
Attacker	3850	0.0	0	1.0	1	0.0	0.0
Defender	3850	0.0	0	1.0	1	0.22234220000000005	0.48
Attacker	4000	0.0	0	1.0	1	0.0	0.0
Defender	4000	0.0	0	1.0	1	0.21312000000000011	0.48
Attacker	4150	0.0	0	1.0	1	0.0	0.0
Defender	4150	0.0	0	1.0	1	0.21875000000000008	0.6
Attacker	4300	0.0	0	1.0	1	0.0	0.0
Defender	4300	0.0	0	1.0	1	0.21760000000000013	0.48
Attacker	4450	0.0	0	1.0	1	0.0	0.0
Defender	4450	0.0	0	1.0	1	0.2075285714285716	0.42
Attacker	4600	0.0	0	1.0	1	0.0	0.0
Defender	4600	0.0	0	1.0	1	0.2282126000000001	0.48
Attacker	4750	0.0	0	1.0	1	0.0	0.0
Defender	4750	0.0	0	1.0	1	0.23065773195876296	0.48
Attacker	4900	0.0	0	1.0	1	0.0	0.0
Defender	4900	0.0	0	1.0	1	0.2197000000000001	0.48
Attacker	5050	0.0	0	1.0	1	0.0	0.0
Defender	5050	0.0	0	1.0	1	0.23065714285714306	0.48

Run 20
Attacker	100	4.91	7	103.38	227	0.025792985259607663	1.9741015349397832
Defender	100	5.04	7	105.62	203	0.14988277390712987	0.42
Attacker	250	2.42	7	17.8	215	0.025826745286687783	1.479223861854234
Defender	250	2.6	7	29.4	179	0.1540110798230723	0.42
Attacker	400	0.26	3	1.52	7	0.0	0.0
Defender	400	0.27	2	1.54	5	0.17918607612623405	0.48
Attacker	550	0.0	0	1.0	1	0.0	0.0
Defender	550	0.0	0	1.0	1	0.21474519029720646	0.54
Attacker	700	0.0	0	1.0	1	0.0	0.0
Defender	700	0.0	0	1.0	1	0.2349	0.48
Attacker	850	0.0	0	1.0	1	0.0	0.0
Defender	850	0.0	0	1.0	1	0.24360000000000004	0.6
Attacker	1000	0.0	0	1.0	1	0.0	0.0
Defender	1000	0.0	0	1.0	1	0.22312356687898094	0.48
Attacker	1150	0.0	0	1.0	1	0.0	0.0
Defender	1150	0.0	0	1.0	1	0.24539999999999992	0.48
Attacker	1300	0.0	0	1.0	1	0.0	0.0
Defender	1300	0.0	0	1.0	1	0.227545020746888	0.6
Attacker	1450	0.0	0	1.0	1	0.0	0.0
Defender	1450	0.0	0	1.0	1	0.2385	0.54
Attacker	1600	0.0	0	1.0	1	0.0	0.0
Defender	1600	0.0	0	1.0	1	0.2346	0.54
Attacker	1750	0.0	0	1.0	1	0.0	0.0
Defender	1750	0.0	0	1.0	1	0.2190920000000001	0.42
Attacker	1900	0.0	0	1.0	1	0.0	0.0
Defender	1900	0.0	0	1.0	1	0.24180000000000007	0.48
Attacker	2050	0.0	0	1.0	1	0.0	0.0
Defender	2050	0.0	0	1.0	1	0.21540000000000017	0.42
Attacker	2200	0.0	0	1.0	1	0.0	0.0
Defender	2200	0.0	0	1.0	1	0.22860000000000005	0.6
Attacker	2350	0.0	0	1.0	1	0.0	0.0
Defender	2350	0.0	0	1.0	1	0.23753280000000004	0.48
Attacker	2500	0.0	0	1.0	1	0.0	0.0
Defender	2500	0.0	0	1.0	1	0.21843420000000016	0.54
Attacker	2650	0.0	0	1.0	1	0.0	0.0
Defender	2650	0.0	0	1.0	1	0.21780000000000016	0.48
Attacker	2800	0.0	0	1.0	1	0.0	0.0
Defender	2800	0.0	0	1.0	1	0.2300000000000001	0.48
Attacker	2950	0.0	0	1.0	1	0.0	0.0
Defender	2950	0.0	0	1.0	1	0.24179999999999993	0.6
Attacker	3100	0.0	0	1.0	1	0.0	0.0
Defender	3100	0.0	0	1.0	1	0.23520000000000008	0.48
Attacker	3250	0.0	0	1.0	1	0.0	0.0
Defender	3250	0.0	0	1.0	1	0.2364	0.48
Attacker	3400	0.0	0	1.0	1	0.0	0.0
Defender	3400	0.0	0	1.0	1	0.231	0.48
Attacker	3550	0.0	0	1.0	1	0.0	0.0
Defender	3550	0.0	0	1.0	1	0.2202217522658612	0.42
Attacker	3700	0.0	0	1.0	1	0.0	0.0
Defender	3700	0.0	0	1.0	1	0.21586666666666685	0.42
Attacker	3850	0.0	0	1.0	1	0.0	0.0
Defender	3850	0.0	0	1.0	1	0.21060000000000023	0.48
Attacker	4000	0.0	0	1.0	1	0.0	0.0
Defender	4000	0.0	0	1.0	1	0.23040000000000005	0.54
Attacker	4150	0.0	0	1.0	1	0.0	0.0
Defender	4150	0.0	0	1.0	1	0.22198380000000015	0.48
Attacker	4300	0.0	0	1.0	1	0.0	0.0
Defender	4300	0.0	0	1.0	1	0.20682900000000018	0.48
Attacker	4450	0.0	0	1.0	1	0.0	0.0
Defender	4450	0.0	0	1.0	1	0.23160000000000008	0.72
Attacker	4600	0.0	0	1.0	1	0.0	0.0
Defender	4600	0.0	0	1.0	1	0.24419999999999997	0.42
Attacker	4750	0.0	0	1.0	1	0.0	0.0
Defender	4750	0.0	0	1.0	1	0.2429506532942899	0.54
Attacker	4900	0.0	0	1.0	1	0.0	0.0
Defender	4900	0.0	0	1.0	1	0.21600000000000005	0.42
Attacker	5050	0.0	0	1.0	1	0.0	0.0
Defender	5050	0.0	0	1.0	1	0.22608000000000011	0.42

Run 21
Attacker	100	4.55	7	112.86	227	0.01839005596917437	1.282341392147185
Defender	100	4.75	7	92.62	201	0.15103005645610756	0.48
Attacker	250	1.6	7	18.62	215	0.030268475882567123	2.839880879750296
Defender	250	2.11	9	18.36	171	0.16217509342995176	0.48
Attacker	400	0.22	7	7.38	215	0.041819306889419615	1.81039418933669
Defender	400	0.04	1	1.08	3	0.17128632069372907	0.6
Attacker	550	0.28	7	9.44	213	0.09402663900888733	5.762714543683816
Defender	550	0.0	0	1.0	1	0.21007312240686563	0.48
Attacker	700	0.59	9	17.92	221	0.17201673762972905	4.636540211837218
Defender	700	0.0	0	1.0	1	0.20848522004449205	0.48
Attacker	850	0.23	9	7.34	221	0.06792995064362709	3.4078570557003554
Defender	850	0.0	0	1.0	1	0.21262528555654886	0.42
Attacker	1000	0.55	9	15.84	221	0.1517167301381047	6.988697645559418
Defender	1000	0.0	0	1.0	1	0.21723819096028393	0.54
Attacker	1150	0.87	9	23.8	221	0.20562243524127843	4.363874555059495
Defender	1150	0.0	0	1.0	1	0.20807115757575773	0.42
Attacker	1300	1.02	9	28.2	259	0.25502469768011976	5.762714543683816
Defender	1300	0.0	0	1.0	1	0.19686634606152575	0.42
Attacker	1450	1.5	9	40.54	259	0.331644752811819	4.636540211837218
Defender	1450	0.0	0	1.0	1	0.20495852788363744	0.6
Attacker	1600	1.51	9	39.94	223	0.30442322505822955	5.238831403348923
Defender	1600	0.0	0	1.0	1	0.21510672036917242	0.48
Attacker	1750	2.15	9	56.04	223	0.46794615467120765	4.93074620618078
Defender	1750	0.0	0	1.0	1	0.1977170405433782	0.54
Attacker	1900	2.26	9	59.38	225	0.537955159473704	6.0330125482740105
Defender	1900	0.0	0	1.0	1	0.19459438446184432	0.48
Attacker	2050	3.06	9	79.7	225	0.8802693776564411	5.64746025281014
Defender	2050	0.0	0	1.0	1	0.1878282262006686	0.48
Attacker	2200	3.48	9	88.72	219	0.5964553672696815	5.24143675046318
Defender	2200	0.0	0	1.0	1	0.17628272954784283	0.36
Attacker	2350	3.68	9	94.68	219	0.9889735502168169	5.238831403348923
Defender	2350	0.0	0	1.0	1	0.17947839652402983	0.42
Attacker	2500	3.52	9	89.82	219	0.7737569770642893	5.345746329947882
Defender	2500	0.0	0	1.0	1	0.18919871668745106	0.48
Attacker	2650	3.24	9	82.72	227	0.7907514695548101	6.49709043660278
Defender	2650	0.0	0	1.0	1	0.18597186874591076	0.36
Attacker	2800	3.7	9	93.0	229	0.8545670159067663	5.031373679776307
Defender	2800	0.0	0	1.0	1	0.18463687464655018	0.42
Attacker	2950	4.93	9	119.8	229	1.2232197121616557	5.423820826798858
Defender	2950	0.0	0	1.0	1	0.1683210532576517	0.36
Attacker	3100	5.01	9	119.88	229	1.1635579331779595	5.64746025281014
Defender	3100	0.0	0	1.0	1	0.1696073633508233	0.36
Attacker	3250	4.94	9	116.56	227	1.0497701182247774	5.21610773831687
Defender	3250	0.0	0	1.0	1	0.1730188845283114	0.36
Attacker	3400	4.57	9	105.24	227	1.0371337757180807	6.166497922552427
Defender	3400	0.0	0	1.0	1	0.1834590861156089	0.36
Attacker	3550	4.27	9	95.34	219	0.7802577159690314	6.810480824353601
Defender	3550	0.0	0	1.0	1	0.1852983966215922	0.42
Attacker	3700	4.35	9	96.44	217	0.8638541535969116	7.131206463215212
Defender	3700	0.0	0	1.0	1	0.17842107243204036	0.54
Attacker	3850	4.75	9	105.18	223	1.0091407431061472	7.550813782717258
Defender	3850	0.0	0	1.0	1	0.1791774277004347	0.6
Attacker	4000	4.66	9	102.22	229	0.8929951740845431	6.0330125482740105
Defender	4000	0.0	0	1.0	1	0.17562658547581253	0.42
Attacker	4150	5.08	9	109.88	229	1.0822966822160485	9.673097521204939
Defender	4150	0.0	0	1.0	1	0.1764334803046169	0.42
Attacker	4300	4.67	9	94.74	221	0.815267022161498	5.031373679776307
Defender	4300	0.0	0	1.0	1	0.19065507208735233	0.6599999999999999
Attacker	4450	4.44	9	89.5	221	0.8153313445285424	7.425368729822838
Defender	4450	0.0	0	1.0	1	0.17973559432998398	0.42
Attacker	4600	4.63	9	96.18	221	0.8745504217374795	6.414895595937457
Defender	4600	0.0	0	1.0	1	0.1724852691208885	0.54
Attacker	4750	4.65	9	95.88	225	1.0344684008318203	6.76498379488003
Defender	4750	0.0	0	1.0	1	0.17516933142069616	0.42
Attacker	4900	4.46	9	91.22	221	0.6613182783442377	4.139768046283231
Defender	4900	0.0	0	1.0	1	0.1897276092270527	0.42
Attacker	5050	4.28	9	87.64	221	0.9675862360608065	7.731537619557309
Defender	5050	0.0	0	1.0	1	0.18016642049334192	0.48

Run 22
Attacker	100	4.72	7	110.92	229	0.003520118166434962	0.35201181664349623
Defender	100	4.98	7	100.68	205	0.14034182720431881	0.48
Attacker	250	2.15	7	25.9	209	0.012645799908716624	1.2645799908716624
Defender	250	2.9	9	30.58	179	0.14597086403499449	0.42
Attacker	400	0.18	7	4.9	193	0.010563834079967083	0.6994971215113338
Defender	400	0.36	7	1.82	15	0.1633963490506755	0.48
Attacker	550	0.14	7	4.74	191	0.02568266630773821	1.580724988589578
Defender	550	0.0	0	1.0	1	0.17297088953366363	0.42
Attacker	700	0.07	7	2.84	185	0.00671797035499485	0.671797035499485
Defender	700	0.0	0	1.0	1	0.2115301343086754	0.48
Attacker	850	0.07	7	2.84	185	0.01580724988589578	1.580724988589578
Defender	850	0.0	0	1.0	1	0.19630000000000014	0.42
Attacker	1000	0.14	7	4.68	185	0.010011146843300489	0.6583610947894952
Defender	1000	0.0	0	1.0	1	0.1915225781625782	0.54
Attacker	1150	0.0	0	1.0	1	0.0	0.0
Defender	1150	0.0	0	1.0	1	0.194164411764706	0.48
Attacker	1300	0.0	0	1.0	1	0.0	0.0
Defender	1300	0.0	0	1.0	1	0.1979232285714286	0.54
Attacker	1450	0.0	0	1.0	1	0.0	0.0
Defender	1450	0.0	0	1.0	1	0.20404390476190482	0.6
Attacker	1600	0.0	0	1.0	1	0.0	0.0
Defender	1600	0.0	0	1.0	1	0.19092739669421493	0.42
Attacker	1750	0.0	0	1.0	1	0.0	0.0
Defender	1750	0.0	0	1.0	1	0.17545074871794852	0.54
Attacker	1900	0.0	0	1.0	1	0.0	0.0
Defender	1900	0.0	0	1.0	1	0.1775735168195717	0.48
Attacker	2050	0.0	0	1.0	1	0.0	0.0
Defender	2050	0.0	0	1.0	1	0.18642571428571425	0.42
Attacker	2200	0.0	0	1.0	1	0.0	0.0
Defender	2200	0.0	0	1.0	1	0.17826642857142833	0.42
Attacker	2350	0.0	0	1.0	1	0.0	0.0
Defender	2350	0.0	0	1.0	1	0.17233356295878013	0.42
Attacker	2500	0.0	0	1.0	1	0.0	0.0
Defender	2500	0.0	0	1.0	1	0.178835541125541	0.42
Attacker	2650	0.0	0	1.0	1	0.0	0.0
Defender	2650	0.0	0	1.0	1	0.1771178991596637	0.48
Attacker	2800	0.0	0	1.0	1	0.0	0.0
Defender	2800	0.0	0	1.0	1	0.17290633928571406	0.42
Attacker	2950	0.0	0	1.0	1	0.0	0.0
Defender	2950	0.0	0	1.0	1	0.1981328571428573	0.36
Attacker	3100	0.0	0	1.0	1	0.0	0.0
Defender	3100	0.0	0	1.0	1	0.1864428571428572	0.42
Attacker	3250	0.0	0	1.0	1	0.0	0.0
Defender	3250	0.0	0	1.0	1	0.18768571428571437	0.42
Attacker	3400	0.0	0	1.0	1	0.0	0.0
Defender	3400	0.0	0	1.0	1	0.17061121212121186	0.36
Attacker	3550	0.0	0	1.0	1	0.0	0.0
Defender	3550	0.0	0	1.0	1	0.17969309523809504	0.6
Attacker	3700	0.0	0	1.0	1	0.0	0.0
Defender	3700	0.0	0	1.0	1	0.1917495238095239	0.48
Attacker	3850	0.0	0	1.0	1	0.0	0.0
Defender	3850	0.0	0	1.0	1	0.17098285714285688	0.48
Attacker	4000	0.0	0	1.0	1	0.0	0.0
Defender	4000	0.0	0	1.0	1	0.192055689986649	0.54
Attacker	4150	0.0	0	1.0	1	0.0	0.0
Defender	4150	0.0	0	1.0	1	0.18243404761904752	0.6
Attacker	4300	0.0	0	1.0	1	0.0	0.0
Defender	4300	0.0	0	1.0	1	0.18547040219780203	0.42
Attacker	4450	0.0	0	1.0	1	0.0	0.0
Defender	4450	0.0	0	1.0	1	0.17579999999999973	0.42
Attacker	4600	0.0	0	1.0	1	0.0	0.0
Defender	4600	0.0	0	1.0	1	0.16810356483516453	0.42
Attacker	4750	0.0	0	1.0	1	0.0	0.0
Defender	4750	0.0	0	1.0	1	0.18888999999999992	0.48
Attacker	4900	0.0	0	1.0	1	0.0	0.0
Defender	4900	0.0	0	1.0	1	0.1662595454545452	0.42
Attacker	5050	0.0	0	1.0	1	0.0	0.0
Defender	5050	0.0	0	1.0	1	0.16175854771784207	0.48

Run 23
Attacker	100	5.11	7	119.56	235	0.0018905739484727255	0.17707574545191473
Defender	100	5.46	7	110.34	205	0.1482270398963568	0.6
Attacker	250	3.28	8	41.62	215	0.0018626434620600018	0.17353423054287645
Defender	250	3.29	7	28.86	173	0.13993870652763385	0.36
Attacker	400	0.8	7	2.82	19	0.0006435830935564009	0.03315401534502516
Defender	400	0.62	7	2.38	17	0.1565205784180285	0.48
Attacker	550	0.06	5	1.14	13	0.0003249093503812466	0.03249093503812466
Defender	550	0.01	1	1.02	3	0.19134414323337698	0.54
Attacker	700	0.0	0	1.0	1	0.0	0.0
Defender	700	0.0	0	1.0	1	0.2317269230769231	0.6
Attacker	850	0.0	0	1.0	1	0.0	0.0
Defender	850	0.0	0	1.0	1	0.21135000000000015	0.42
Attacker	1000	0.0	0	1.0	1	0.0	0.0
Defender	1000	0.0	0	1.0	1	0.21989629629629648	0.42
Attacker	1150	0.0	0	1.0	1	0.0	0.0
Defender	1150	0.0	0	1.0	1	0.20875000000000019	0.54
Attacker	1300	0.0	0	1.0	1	0.0	0.0
Defender	1300	0.0	0	1.0	1	0.23580000000000007	0.54
Attacker	1450	0.0	0	1.0	1	0.0	0.0
Defender	1450	0.0	0	1.0	1	0.22790000000000007	0.6
Attacker	1600	0.0	0	1.0	1	0.0	0.0
Defender	1600	0.0	0	1.0	1	0.23040000000000005	0.42
Attacker	1750	0.0	0	1.0	1	0.0	0.0
Defender	1750	0.0	0	1.0	1	0.21558050847457647	0.42
Attacker	1900	0.0	0	1.0	1	0.0	0.0
Defender	1900	0.0	0	1.0	1	0.24119999999999997	0.54
Attacker	2050	0.0	0	1.0	1	0.0	0.0
Defender	2050	0.0	0	1.0	1	0.21525000000000027	0.48
Attacker	2200	0.0	0	1.0	1	0.0	0.0
Defender	2200	0.0	0	1.0	1	0.22363333333333343	0.6
Attacker	2350	0.0	0	1.0	1	0.0	0.0
Defender	2350	0.0	0	1.0	1	0.2422615384615385	0.42
Attacker	2500	0.0	0	1.0	1	0.0	0.0
Defender	2500	0.0	0	1.0	1	0.21241407624633435	0.48
Attacker	2650	0.0	0	1.0	1	0.0	0.0
Defender	2650	0.0	0	1.0	1	0.2238644376899696	0.48
Attacker	2800	0.0	0	1.0	1	0.0	0.0
Defender	2800	0.0	0	1.0	1	0.2350844	0.54
Attacker	2950	0.0	0	1.0	1	0.0	0.0
Defender	2950	0.0	0	1.0	1	0.22302000000000002	0.48
Attacker	3100	0.0	0	1.0	1	0.0	0.0
Defender	3100	0.0	0	1.0	1	0.2129202281368822	0.42
Attacker	3250	0.0	0	1.0	1	0.0	0.0
Defender	3250	0.0	0	1.0	1	0.23796666666666672	0.54
Attacker	3400	0.0	0	1.0	1	0.0	0.0
Defender	3400	0.0	0	1.0	1	0.2240000000000002	0.48
Attacker	3550	0.04	4	1.08	9	0.008561013359089861	0.8561013359089861
Defender	3550	0.0	0	1.0	1	0.21840000000000015	0.54
Attacker	3700	0.0	0	1.0	1	0.0	0.0
Defender	3700	0.0	0	1.0	1	0.21540000000000017	0.54
Attacker	3850	0.0	0	1.0	1	0.0	0.0
Defender	3850	0.0	0	1.0	1	0.2147592000000002	0.48
Attacker	4000	0.0	0	1.0	1	0.0	0.0
Defender	4000	0.0	0	1.0	1	0.21812307692307706	0.48
Attacker	4150	0.0	0	1.0	1	0.0	0.0
Defender	4150	0.0	0	1.0	1	0.2148000000000001	0.42
Attacker	4300	0.0	0	1.0	1	0.0	0.0
Defender	4300	0.0	0	1.0	1	0.2268000000000001	0.54
Attacker	4450	0.01	1	1.02	3	0.0011748002314293426	0.11748002314293426
Defender	4450	0.0	0	1.0	1	0.22045233644859835	0.48
Attacker	4600	0.0	0	1.0	1	0.0	0.0
Defender	4600	0.0	0	1.0	1	0.20993941166380803	0.42
Attacker	4750	0.0	0	1.0	1	0.0	0.0
Defender	4750	0.0	0	1.0	1	0.20910000000000015	0.48
Attacker	4900	0.0	0	1.0	1	0.0	0.0
Defender	4900	0.0	0	1.0	1	0.24456366559485535	0.54
Attacker	5050	0.0	0	1.0	1	0.0	0.0
Defender	5050	0.0	0	1.0	1	0.22922000000000003	0.54

Run 24
Attacker	100	4.66	7	99.1	225	0.03565603231607606	3.565603231607606
Defender	100	4.77	7	93.12	205	0.14688355831914113	0.36
Attacker	250	2.34	8	23.0	221	0.01026810955056389	1.026810955056389
Defender	250	2.44	7	20.34	177	0.16291276643567587	0.42
Attacker	400	0.11	2	1.22	5	0.0	0.0
Defender	400	0.06	4	1.12	9	0.16272795173734295	0.54
Attacker	550	0.0	0	1.0	1	0.0	0.0
Defender	550	0.0	0	1.0	1	0.21456663624733482	0.48
Attacker	700	0.0	0	1.0	1	0.0	0.0
Defender	700	0.0	0	1.0	1	0.18788999999999997	0.54
Attacker	850	0.0	0	1.0	1	0.0	0.0
Defender	850	0.0	0	1.0	1	0.21625151530309464	0.54
Attacker	1000	0.0	0	1.0	1	0.0	0.0
Defender	1000	0.0	0	1.0	1	0.24135780000000007	0.6599999999999999
Attacker	1150	0.0	0	1.0	1	0.0	0.0
Defender	1150	0.0	0	1.0	1	0.20031790769230784	0.48
Attacker	1300	0.0	0	1.0	1	0.0	0.0
Defender	1300	0.0	0	1.0	1	0.20238379120879113	0.48
Attacker	1450	0.0	0	1.0	1	0.0	0.0
Defender	1450	0.0	0	1.0	1	0.1971585714285715	0.48
Attacker	1600	0.0	0	1.0	1	0.0	0.0
Defender	1600	0.0	0	1.0	1	0.1929399999999999	0.48
Attacker	1750	0.0	0	1.0	1	0.0	0.0
Defender	1750	0.0	0	1.0	1	0.1978357142857144	0.6
Attacker	1900	0.0	0	1.0	1	0.0	0.0
Defender	1900	0.0	0	1.0	1	0.19037500000000002	0.54
Attacker	2050	0.0	0	1.0	1	0.0	0.0
Defender	2050	0.0	0	1.0	1	0.20100270186335426	0.72
Attacker	2200	0.0	0	1.0	1	0.0	0.0
Defender	2200	0.0	0	1.0	1	0.1825199999999999	0.48
Attacker	2350	0.0	0	1.0	1	0.0	0.0
Defender	2350	0.0	0	1.0	1	0.19220839285714292	0.6
Attacker	2500	0.0	0	1.0	1	0.0	0.0
Defender	2500	0.0	0	1.0	1	0.2087700000000001	0.48
Attacker	2650	0.0	0	1.0	1	0.0	0.0
Defender	2650	0.0	0	1.0	1	0.19600417197452238	0.54
Attacker	2800	0.0	0	1.0	1	0.0	0.0
Defender	2800	0.0	0	1.0	1	0.18092645714285693	0.48
Attacker	2950	0.0	0	1.0	1	0.0	0.0
Defender	2950	0.0	0	1.0	1	0.19512773809523815	0.48
Attacker	3100	0.0	0	1.0	1	0.0	0.0
Defender	3100	0.0	0	1.0	1	0.18587142857142855	0.42
Attacker	3250	0.0	0	1.0	1	0.0	0.0
Defender	3250	0.0	0	1.0	1	0.19664000000000004	0.6599999999999999
Attacker	3400	0.0	0	1.0	1	0.0	0.0
Defender	3400	0.0	0	1.0	1	0.20242285714285724	0.48
Attacker	3550	0.0	0	1.0	1	0.0	0.0
Defender	3550	0.0	0	1.0	1	0.20666000000000012	0.48
Attacker	3700	0.0	0	1.0	1	0.0	0.0
Defender	3700	0.0	0	1.0	1	0.20880000000000018	0.6
Attacker	3850	0.0	0	1.0	1	0.0	0.0
Defender	3850	0.0	0	1.0	1	0.19212999999999997	0.48
Attacker	4000	0.0	0	1.0	1	0.0	0.0
Defender	4000	0.0	0	1.0	1	0.19745666666666684	0.54
Attacker	4150	0.0	0	1.0	1	0.0	0.0
Defender	4150	0.0	0	1.0	1	0.2047028571428573	0.48
Attacker	4300	0.0	0	1.0	1	0.0	0.0
Defender	4300	0.0	0	1.0	1	0.18039599567099554	0.42
Attacker	4450	0.0	0	1.0	1	0.0	0.0
Defender	4450	0.0	0	1.0	1	0.18391999999999997	0.42
Attacker	4600	0.0	0	1.0	1	0.0	0.0
Defender	4600	0.0	0	1.0	1	0.1792218681318679	0.48
Attacker	4750	0.0	0	1.0	1	0.0	0.0
Defender	4750	0.0	0	1.0	1	0.19873571428571438	0.36
Attacker	4900	0.0	0	1.0	1	0.0	0.0
Defender	4900	0.0	0	1.0	1	0.1885577846153846	0.48
Attacker	5050	0.0	0	1.0	1	0.0	0.0
Defender	5050	0.0	0	1.0	1	0.20121000000000017	0.48

Run 25
Attacker	100	4.68	7	108.9	229	0.0059139543518331875	0.5913954351833187
Defender	100	4.47	7	85.92	207	0.1484016307384701	0.48
Attacker	250	1.79	7	18.9	215	0.004795102985425888	0.47951029854258886
Defender	250	1.71	7	9.02	171	0.16994656878430303	0.48
Attacker	400	0.14	7	5.06	213	0.014374604981420522	0.986149241236156
Defender	400	0.0	0	1.0	1	0.17149389957074246	0.48
Attacker	550	0.0	0	1.0	1	0.0	0.0
Defender	550	0.0	0	1.0	1	0.19961063636363646	0.54
Attacker	700	0.0	0	1.0	1	0.0	0.0
Defender	700	0.0	0	1.0	1	0.19719077922077935	0.54
Attacker	850	0.0	0	1.0	1	0.0	0.0
Defender	850	0.0	0	1.0	1	0.2116114285714287	0.54
Attacker	1000	0.0	0	1.0	1	0.0	0.0
Defender	1000	0.0	0	1.0	1	0.21218222222222236	0.54
Attacker	1150	0.0	0	1.0	1	0.0	0.0
Defender	1150	0.0	0	1.0	1	0.20064666666666678	0.42
Attacker	1300	0.0	0	1.0	1	0.0	0.0
Defender	1300	0.0	0	1.0	1	0.21524958677685965	0.54
Attacker	1450	0.0	0	1.0	1	0.0	0.0
Defender	1450	0.0	0	1.0	1	0.19813857142857155	0.42
Attacker	1600	0.0	0	1.0	1	0.0	0.0
Defender	1600	0.0	0	1.0	1	0.21213000000000015	0.42
Attacker	1750	0.0	0	1.0	1	0.0	0.0
Defender	1750	0.0	0	1.0	1	0.21351000000000023	0.54
Attacker	1900	0.0	0	1.0	1	0.0	0.0
Defender	1900	0.0	0	1.0	1	0.2202000000000001	0.48
Attacker	2050	0.0	0	1.0	1	0.0	0.0
Defender	2050	0.0	0	1.0	1	0.21115869565217402	0.42
Attacker	2200	0.0	0	1.0	1	0.0	0.0
Defender	2200	0.0	0	1.0	1	0.2191900000000001	0.48
Attacker	2350	0.0	0	1.0	1	0.0	0.0
Defender	2350	0.0	0	1.0	1	0.21170000000000008	0.54
Attacker	2500	0.0	0	1.0	1	0.0	0.0
Defender	2500	0.0	0	1.0	1	0.2044000000000002	0.42
Attacker	2650	0.0	0	1.0	1	0.0	0.0
Defender	2650	0.0	0	1.0	1	0.2147800000000001	0.6
Attacker	2800	0.0	0	1.0	1	0.0	0.0
Defender	2800	0.0	0	1.0	1	0.20830000000000004	0.42
Attacker	2950	0.0	0	1.0	1	0.0	0.0
Defender	2950	0.0	0	1.0	1	0.22205000000000014	0.54
Attacker	3100	0.0	0	1.0	1	0.0	0.0
Defender	3100	0.0	0	1.0	1	0.20468571428571444	0.42
Attacker	3250	0.0	0	1.0	1	0.0	0.0
Defender	3250	0.0	0	1.0	1	0.21425660377358505	0.48
Attacker	3400	0.0	0	1.0	1	0.0	0.0
Defender	3400	0.0	0	1.0	1	0.21988000000000008	0.54
Attacker	3550	0.0	0	1.0	1	0.0	0.0
Defender	3550	0.0	0	1.0	1	0.21720000000000014	0.48
Attacker	3700	0.0	0	1.0	1	0.0	0.0
Defender	3700	0.0	0	1.0	1	0.22395000000000018	0.54
Attacker	3850	0.0	0	1.0	1	0.0	0.0
Defender	3850	0.0	0	1.0	1	0.2535999999999998	0.54
Attacker	4000	0.0	0	1.0	1	0.0	0.0
Defender	4000	0.0	0	1.0	1	0.22740000000000024	0.48
Attacker	4150	0.0	0	1.0	1	0.0	0.0
Defender	4150	0.0	0	1.0	1	0.22199664429530214	0.48
Attacker	4300	0.0	0	1.0	1	0.0	0.0
Defender	4300	0.0	0	1.0	1	0.21960000000000018	0.6
Attacker	4450	0.0	0	1.0	1	0.0	0.0
Defender	4450	0.0	0	1.0	1	0.23280000000000012	0.6
Attacker	4600	0.0	0	1.0	1	0.0	0.0
Defender	4600	0.0	0	1.0	1	0.23265	0.48
Attacker	4750	0.0	0	1.0	1	0.0	0.0
Defender	4750	0.0	0	1.0	1	0.24119999999999991	0.6
Attacker	4900	0.0	0	1.0	1	0.0	0.0
Defender	4900	0.0	0	1.0	1	0.23250000000000007	0.48
Attacker	5050	0.0	0	1.0	1	0.0	0.0
Defender	5050	0.0	0	1.0	1	0.2282000000000001	0.42

Run 26
Attacker	100	5.1	7	124.86	231	0.0	0.0
Defender	100	5.09	7	104.24	203	0.14750540167873877	0.42
Attacker	250	2.64	8	39.0	205	0.0	0.0
Defender	250	2.51	7	29.66	179	0.1372724192180598	0.3
Attacker	400	0.17	2	1.34	5	0.0	0.0
Defender	400	0.16	4	1.32	9	0.16793125577028734	0.48
Attacker	550	0.0	0	1.0	1	0.0	0.0
Defender	550	0.0	0	1.0	1	0.20384426708767606	0.48
Attacker	700	0.0	0	1.0	1	0.0	0.0
Defender	700	0.0	0	1.0	1	0.2200236000000001	0.48
Attacker	850	0.0	0	1.0	1	0.0	0.0
Defender	850	0.0	0	1.0	1	0.20550000000000013	0.42
Attacker	1000	0.0	0	1.0	1	0.0	0.0
Defender	1000	0.0	0	1.0	1	0.2112227118644069	0.48
Attacker	1150	0.0	0	1.0	1	0.0	0.0
Defender	1150	0.0	0	1.0	1	0.21610000000000007	0.48
Attacker	1300	0.0	0	1.0	1	0.0	0.0
Defender	1300	0.0	0	1.0	1	0.21591428571428595	0.42
Attacker	1450	0.0	0	1.0	1	0.0	0.0
Defender	1450	0.0	0	1.0	1	0.23460000000000011	0.48
Attacker	1600	0.0	0	1.0	1	0.0	0.0
Defender	1600	0.0	0	1.0	1	0.2256000000000001	0.6
Attacker	1750	0.0	0	1.0	1	0.0	0.0
Defender	1750	0.0	0	1.0	1	0.2306	0.6
Attacker	1900	0.0	0	1.0	1	0.0	0.0
Defender	1900	0.0	0	1.0	1	0.22932220566318937	0.72
Attacker	2050	0.0	0	1.0	1	0.0	0.0
Defender	2050	0.0	0	1.0	1	0.22755000000000006	0.42
Attacker	2200	0.0	0	1.0	1	0.0	0.0
Defender	2200	0.0	0	1.0	1	0.2209714285714286	0.42
Attacker	2350	0.0	0	1.0	1	0.0	0.0
Defender	2350	0.0	0	1.0	1	0.23303400000000005	0.48
Attacker	2500	0.0	0	1.0	1	0.0	0.0
Defender	2500	0.0	0	1.0	1	0.22630000000000006	0.42
Attacker	2650	0.0	0	1.0	1	0.0	0.0
Defender	2650	0.0	0	1.0	1	0.22040000000000018	0.54
Attacker	2800	0.0	0	1.0	1	0.0	0.0
Defender	2800	0.0	0	1.0	1	0.22741503759398515	0.54
Attacker	2950	0.0	0	1.0	1	0.0	0.0
Defender	2950	0.0	0	1.0	1	0.2373	0.48
Attacker	3100	0.0	0	1.0	1	0.0	0.0
Defender	3100	0.0	0	1.0	1	0.22380000000000005	0.54
Attacker	3250	0.0	0	1.0	1	0.0	0.0
Defender	3250	0.0	0	1.0	1	0.23133948674698804	0.54
Attacker	3400	0.0	0	1.0	1	0.0	0.0
Defender	3400	0.0	0	1.0	1	0.22440000000000013	0.72
Attacker	3550	0.0	0	1.0	1	0.0	0.0
Defender	3550	0.0	0	1.0	1	0.2112000000000001	0.48
Attacker	3700	0.0	0	1.0	1	0.0	0.0
Defender	3700	0.0	0	1.0	1	0.21202680000000015	0.48
Attacker	3850	0.0	0	1.0	1	0.0	0.0
Defender	3850	0.0	0	1.0	1	0.23210000000000014	0.48
Attacker	4000	0.0	0	1.0	1	0.0	0.0
Defender	4000	0.0	0	1.0	1	0.2172000000000002	0.54
Attacker	4150	0.0	0	1.0	1	0.0	0.0
Defender	4150	0.0	0	1.0	1	0.22920000000000013	0.54
Attacker	4300	0.0	0	1.0	1	0.0	0.0
Defender	4300	0.0	0	1.0	1	0.22069714285714304	0.54
Attacker	4450	0.0	0	1.0	1	0.0	0.0
Defender	4450	0.0	0	1.0	1	0.22230000000000022	0.6
Attacker	4600	0.0	0	1.0	1	0.0	0.0
Defender	4600	0.0	0	1.0	1	0.22254180000000004	0.48
Attacker	4750	0.0	0	1.0	1	0.0	0.0
Defender	4750	0.0	0	1.0	1	0.2295000000000001	0.48
Attacker	4900	0.0	0	1.0	1	0.0	0.0
Defender	4900	0.0	0	1.0	1	0.21620000000000011	0.6599999999999999
Attacker	5050	0.0	0	1.0	1	0.0	0.0
Defender	5050	0.0	0	1.0	1	0.22674500000000009	0.42

Run 27
Attacker	100	4.55	7	88.26	227	0.0022021281194376	0.14488806373046303
Defender	100	4.76	7	97.02	203	0.1549535957351794	0.48
Attacker	250	2.12	7	11.8	197	0.0	0.0
Defender	250	2.15	9	17.48	171	0.1525347057438096	0.36
Attacker	400	0.07	1	1.14	3	0.0	0.0
Defender	400	0.02	1	1.04	3	0.17602654049488076	0.42
Attacker	550	0.0	0	1.0	1	0.0	0.0
Defender	550	0.0	0	1.0	1	0.21671272462672475	0.54
Attacker	700	0.0	0	1.0	1	0.0	0.0
Defender	700	0.0	0	1.0	1	0.20114000000000004	0.48
Attacker	850	0.0	0	1.0	1	0.0	0.0
Defender	850	0.0	0	1.0	1	0.18870000000000003	0.48
Attacker	1000	0.0	0	1.0	1	0.0	0.0
Defender	1000	0.0	0	1.0	1	0.2021128571428573	0.6599999999999999
Attacker	1150	0.0	0	1.0	1	0.0	0.0
Defender	1150	0.0	0	1.0	1	0.19892523809523827	0.54
Attacker	1300	0.0	0	1.0	1	0.0	0.0
Defender	1300	0.0	0	1.0	1	0.1965200000000001	0.36
Attacker	1450	0.0	0	1.0	1	0.0	0.0
Defender	1450	0.0	0	1.0	1	0.20657434285714296	0.48
Attacker	1600	0.0	0	1.0	1	0.0	0.0
Defender	1600	0.0	0	1.0	1	0.21223480000000017	0.54
Attacker	1750	0.0	0	1.0	1	0.0	0.0
Defender	1750	0.0	0	1.0	1	0.2084125691699606	0.42
Attacker	1900	0.0	0	1.0	1	0.0	0.0
Defender	1900	0.0	0	1.0	1	0.18092999999999992	0.42
Attacker	2050	0.0	0	1.0	1	0.0	0.0
Defender	2050	0.0	0	1.0	1	0.18848000000000004	0.42
Attacker	2200	0.0	0	1.0	1	0.0	0.0
Defender	2200	0.0	0	1.0	1	0.2255000000000001	0.48
Attacker	2350	0.0	0	1.0	1	0.0	0.0
Defender	2350	0.0	0	1.0	1	0.20330000000000023	0.42
Attacker	2500	0.0	0	1.0	1	0.0	0.0
Defender	2500	0.0	0	1.0	1	0.2203000000000002	0.48
Attacker	2650	0.0	0	1.0	1	0.0	0.0
Defender	2650	0.0	0	1.0	1	0.18535000000000001	0.54
Attacker	2800	0.0	0	1.0	1	0.0	0.0
Defender	2800	0.0	0	1.0	1	0.2328550000000001	0.54
Attacker	2950	0.0	0	1.0	1	0.0	0.0
Defender	2950	0.0	0	1.0	1	0.20360265580057546	0.48
Attacker	3100	0.0	0	1.0	1	0.0	0.0
Defender	3100	0.0	0	1.0	1	0.17710999999999985	0.48
Attacker	3250	0.0	0	1.0	1	0.0	0.0
Defender	3250	0.0	0	1.0	1	0.2028558000000002	0.54
Attacker	3400	0.0	0	1.0	1	0.0	0.0
Defender	3400	0.0	0	1.0	1	0.20640000000000022	0.48
Attacker	3550	0.0	0	1.0	1	0.0	0.0
Defender	3550	0.0	0	1.0	1	0.20663000000000006	0.48
Attacker	3700	0.0	0	1.0	1	0.0	0.0
Defender	3700	0.0	0	1.0	1	0.19765904761904765	0.48
Attacker	3850	0.0	0	1.0	1	0.0	0.0
Defender	3850	0.0	0	1.0	1	0.1948966666666667	0.42
Attacker	4000	0.0	0	1.0	1	0.0	0.0
Defender	4000	0.0	0	1.0	1	0.1978500000000002	0.48
Attacker	4150	0.0	0	1.0	1	0.0	0.0
Defender	4150	0.0	0	1.0	1	0.20938857142857156	0.48
Attacker	4300	0.0	0	1.0	1	0.0	0.0
Defender	4300	0.0	0	1.0	1	0.21388000000000018	0.42
Attacker	4450	0.0	0	1.0	1	0.0	0.0
Defender	4450	0.0	0	1.0	1	0.20747000000000015	0.42
Attacker	4600	0.0	0	1.0	1	0.0	0.0
Defender	4600	0.0	0	1.0	1	0.2020714285714287	0.48
Attacker	4750	0.0	0	1.0	1	0.0	0.0
Defender	4750	0.0	0	1.0	1	0.2059242857142859	0.54
Attacker	4900	0.0	0	1.0	1	0.0	0.0
Defender	4900	0.0	0	1.0	1	0.19078129870129876	0.42
Attacker	5050	0.0	0	1.0	1	0.0	0.0
Defender	5050	0.0	0	1.0	1	0.2024976190476192	0.54

Run 28
Attacker	100	5.36	7	122.4	225	0.004748456785823616	0.46992009257173706
Defender	100	5.33	7	112.32	207	0.15196319535807737	0.42
Attacker	250	3.52	8	34.94	203	0.001198775746356472	0.11987757463564722
Defender	250	3.35	8	42.78	181	0.14680980326960572	0.36
Attacker	400	0.86	6	2.96	21	0.0	0.0
Defender	400	0.8	7	3.3	31	0.14391891809180538	0.36
Attacker	550	0.06	5	1.12	11	0.005641390711323703	0.5641390711323703
Defender	550	0.0	0	1.0	1	0.17376823524498552	0.36
Attacker	700	0.05	5	1.1	11	0.004605216907203023	0.4605216907203023
Defender	700	0.0	0	1.0	1	0.20796159357092964	0.42
Attacker	850	0.05	5	1.1	11	0.004422850317677783	0.44228503176777834
Defender	850	0.0	0	1.0	1	0.19996365462371216	0.48
Attacker	1000	0.05	5	1.1	11	0.0023026084536015116	0.23026084536015115
Defender	1000	0.0	0	1.0	1	0.20857560846560858	0.48
Attacker	1150	0.05	5	1.1	11	0.0023496004628586853	0.23496004628586853
Defender	1150	0.0	0	1.0	1	0.19741305295950162	0.54
Attacker	1300	0.04	4	1.08	9	0.0011748002314293426	0.11748002314293426
Defender	1300	0.0	0	1.0	1	0.19750071299980954	0.42
Attacker	1450	0.0	0	1.0	1	0.0	0.0
Defender	1450	0.0	0	1.0	1	0.2072779459691253	0.54
Attacker	1600	0.0	0	1.0	1	0.0	0.0
Defender	1600	0.0	0	1.0	1	0.20530000000000015	0.54
Attacker	1750	0.0	0	1.0	1	0.0	0.0
Defender	1750	0.0	0	1.0	1	0.22525000000000017	0.42
Attacker	1900	0.0	0	1.0	1	0.0	0.0
Defender	1900	0.0	0	1.0	1	0.1858764285714286	0.54
Attacker	2050	0.0	0	1.0	1	0.0	0.0
Defender	2050	0.0	0	1.0	1	0.1888928571428571	0.48
Attacker	2200	0.0	0	1.0	1	0.0	0.0
Defender	2200	0.0	0	1.0	1	0.197961928783383	0.48
Attacker	2350	0.0	0	1.0	1	0.0	0.0
Defender	2350	0.0	0	1.0	1	0.19027000000000005	0.42
Attacker	2500	0.0	0	1.0	1	0.0	0.0
Defender	2500	0.0	0	1.0	1	0.21485714285714294	0.48
Attacker	2650	0.0	0	1.0	1	0.0	0.0
Defender	2650	0.0	0	1.0	1	0.22390000000000004	0.48
Attacker	2800	0.0	0	1.0	1	0.0	0.0
Defender	2800	0.0	0	1.0	1	0.19194000000000006	0.54
Attacker	2950	0.0	0	1.0	1	0.0	0.0
Defender	2950	0.0	0	1.0	1	0.21020000000000016	0.48
Attacker	3100	0.0	0	1.0	1	0.0	0.0
Defender	3100	0.0	0	1.0	1	0.22334142857142883	0.6599999999999999
Attacker	3250	0.0	0	1.0	1	0.0	0.0
Defender	3250	0.0	0	1.0	1	0.20935000000000006	0.48
Attacker	3400	0.0	0	1.0	1	0.0	0.0
Defender	3400	0.0	0	1.0	1	0.19142000000000003	0.42
Attacker	3550	0.0	0	1.0	1	0.0	0.0
Defender	3550	0.0	0	1.0	1	0.19788500000000017	0.42
Attacker	3700	0.0	0	1.0	1	0.0	0.0
Defender	3700	0.0	0	1.0	1	0.20865806451612923	0.42
Attacker	3850	0.0	0	1.0	1	0.0	0.0
Defender	3850	0.0	0	1.0	1	0.19397897058823538	0.42
Attacker	4000	0.0	0	1.0	1	0.0	0.0
Defender	4000	0.0	0	1.0	1	0.2112900000000002	0.48
Attacker	4150	0.0	0	1.0	1	0.0	0.0
Defender	4150	0.0	0	1.0	1	0.19093571428571432	0.42
Attacker	4300	0.0	0	1.0	1	0.0	0.0
Defender	4300	0.0	0	1.0	1	0.191854664935065	0.48
Attacker	4450	0.0	0	1.0	1	0.0	0.0
Defender	4450	0.0	0	1.0	1	0.19245428571428586	0.36
Attacker	4600	0.0	0	1.0	1	0.0	0.0
Defender	4600	0.0	0	1.0	1	0.19400000000000003	0.42
Attacker	4750	0.0	0	1.0	1	0.0	0.0
Defender	4750	0.0	0	1.0	1	0.18982512820512817	0.42
Attacker	4900	0.0	0	1.0	1	0.0	0.0
Defender	4900	0.0	0	1.0	1	0.17277017857142835	0.36
Attacker	5050	0.0	0	1.0	1	0.0	0.0
Defender	5050	0.0	0	1.0	1	0.2156707142857143	0.54

Run 29
Attacker	100	4.51	7	106.3	223	0.04623290447861097	2.213014984025409
Defender	100	5.07	7	98.92	201	0.14408348507401053	0.48
Attacker	250	2.21	8	34.34	209	0.09558825019782685	3.2076228782210583
Defender	250	2.7	7	28.76	173	0.15770266048225076	0.42
Attacker	400	0.82	9	23.2	211	0.1077660319630395	2.728777983373168
Defender	400	0.06	1	1.12	3	0.16737801569997734	0.48
Attacker	550	0.99	8	28.72	207	0.15231558075631915	5.067572706174507
Defender	550	0.0	0	1.0	1	0.20627392193199384	0.42
Attacker	700	1.41	8	40.16	207	0.22129310185896459	4.465516803018273
Defender	700	0.0	0	1.0	1	0.19294440932320595	0.48
Attacker	850	1.0	9	28.04	207	0.16319690510167686	3.2074477979687286
Defender	850	0.0	0	1.0	1	0.21689744874095687	0.42
Attacker	1000	1.04	9	27.48	207	0.17756933140755765	4.8046503545912485
Defender	1000	0.0	0	1.0	1	0.20403536219295226	0.42
Attacker	1150	1.09	9	27.7	207	0.1242474502713468	2.4290052464662892
Defender	1150	0.0	0	1.0	1	0.2010189918475873	0.48
Attacker	1300	1.2	9	29.24	207	0.15487853930102166	4.8046503545912485
Defender	1300	0.0	0	1.0	1	0.19799479818723348	0.48
Attacker	1450	1.54	9	36.44	207	0.21926747379724978	2.4290052464662892
Defender	1450	0.0	0	1.0	1	0.2274235850589082	0.54
Attacker	1600	2.0	9	46.06	203	0.32783550159857716	3.5678960814529304
Defender	1600	0.0	0	1.0	1	0.20011204700840676	0.54
Attacker	1750	2.89	9	65.72	217	0.34737303884686843	3.2076228782210583
Defender	1750	0.0	0	1.0	1	0.19198854428444803	0.48
Attacker	1900	3.34	9	73.84	217	0.47487334320649666	3.143470420656637
Defender	1900	0.0	0	1.0	1	0.19320895337343433	0.42
Attacker	2050	3.31	9	72.3	201	0.3750876968756716	3.429240458898149
Defender	2050	0.0	0	1.0	1	0.18537917214813787	0.42
Attacker	2200	3.23	9	70.66	205	0.38738080375401296	3.2076228782210583
Defender	2200	0.0	0	1.0	1	0.19273078884308043	0.36
Attacker	2350	3.65	9	80.2	201	0.447930038633586	4.556649798998238
Defender	2350	0.0	0	1.0	1	0.17733612434155938	0.42
Attacker	2500	3.76	9	82.3	201	0.4737063182134267	3.143470420656637
Defender	2500	0.0	0	1.0	1	0.18859806963571382	0.36
Attacker	2650	4.13	9	89.58	199	0.5734701036092251	4.13301569070135
Defender	2650	0.0	0	1.0	1	0.17861785736896085	0.36
Attacker	2800	3.99	9	86.4	201	0.5271519781590177	3.143470420656637
Defender	2800	0.0	0	1.0	1	0.18082601714015994	0.48
Attacker	2950	4.24	9	90.52	201	0.5037411616194915	2.91602079838278
Defender	2950	0.0	0	1.0	1	0.17378500691117332	0.36
Attacker	3100	4.6	9	96.54	201	0.476123606546578	2.91602079838278
Defender	3100	0.0	0	1.0	1	0.1885438628543518	0.54
Attacker	3250	4.55	9	93.58	199	0.5618074612822584	3.429240458898149
Defender	3250	0.0	0	1.0	1	0.17945769199638534	0.3
Attacker	3400	4.23	9	89.0	203	0.6297926448784644	3.765502633656478
Defender	3400	0.0	0	1.0	1	0.18466926060810532	0.42
Attacker	3550	4.0	9	84.96	203	0.538590823831011	3.5678960814529304
Defender	3550	0.0	0	1.0	1	0.18290070640814274	0.42
Attacker	3700	4.94	9	104.88	207	0.6212262770521094	3.1630222122714415
Defender	3700	0.0	0	1.0	1	0.17911843291458052	0.6
Attacker	3850	5.2	9	111.46	207	0.6024880630826998	3.143470420656637
Defender	3850	0.0	0	1.0	1	0.17219691967412945	0.42
Attacker	4000	5.11	9	106.56	211	0.5565596708640403	3.5678960814529304
Defender	4000	0.0	0	1.0	1	0.1831248716349063	0.42
Attacker	4150	5.23	9	108.32	211	0.5653777107152369	3.3606556497201865
Defender	4150	0.0	0	1.0	1	0.18136051856852192	0.42
Attacker	4300	5.48	9	113.62	215	0.6817363672463317	2.571930344173612
Defender	4300	0.0	0	1.0	1	0.17667097245041144	0.42
Attacker	4450	4.91	9	100.3	211	0.6335991293814395	4.903393472677437
Defender	4450	0.0	0	1.0	1	0.18440137480018287	0.42
Attacker	4600	4.61	9	91.96	203	0.6398195111263604	4.13301569070135
Defender	4600	0.0	0	1.0	1	0.18615071719100507	0.42
Attacker	4750	4.63	9	90.62	201	0.5213851302813226	3.143470420656637
Defender	4750	0.0	0	1.0	1	0.1765866204424514	0.48
Attacker	4900	4.73	9	89.9	201	0.5900739594201792	3.3606556497201865
Defender	4900	0.0	0	1.0	1	0.18468765062760764	0.36
Attacker	5050	4.07	9	76.16	203	0.4377793410557417	2.91602079838278
Defender	5050	0.0	0	1.0	1	0.18196443707151452	0.42

Run 30
Attacker	100	4.25	7	97.54	229	0.0007734427665227745	0.07734427665227744
Defender	100	4.57	7	91.64	207	0.1526025478673504	0.48
Attacker	250	1.72	7	18.7	205	0.0	0.0
Defender	250	2.01	7	19.96	173	0.15092582536072235	0.48
Attacker	400	0.04	1	1.08	3	0.0	0.0
Defender	400	0.01	1	1.02	3	0.17064945320244163	0.42
Attacker	550	0.0	0	1.0	1	0.0	0.0
Defender	550	0.0	0	1.0	1	0.2072303142857144	0.54
Attacker	700	0.0	0	1.0	1	0.0	0.0
Defender	700	0.0	0	1.0	1	0.23628999999999994	0.48
Attacker	850	0.0	0	1.0	1	0.0	0.0
Defender	850	0.0	0	1.0	1	0.19523882113821156	0.42
Attacker	1000	0.0	0	1.0	1	0.0	0.0
Defender	1000	0.0	0	1.0	1	0.19541571428571433	0.54
Attacker	1150	0.0	0	1.0	1	0.0	0.0
Defender	1150	0.0	0	1.0	1	0.2099286486486489	0.48
Attacker	1300	0.0	0	1.0	1	0.0	0.0
Defender	1300	0.0	0	1.0	1	0.23308700000000016	0.6599999999999999
Attacker	1450	0.0	0	1.0	1	0.0	0.0
Defender	1450	0.0	0	1.0	1	0.20536278481012668	0.48
Attacker	1600	0.0	0	1.0	1	0.0	0.0
Defender	1600	0.0	0	1.0	1	0.2068000000000001	0.42
Attacker	1750	0.0	0	1.0	1	0.0	0.0
Defender	1750	0.0	0	1.0	1	0.20995000000000016	0.54
Attacker	1900	0.0	0	1.0	1	0.0	0.0
Defender	1900	0.0	0	1.0	1	0.1859680656185919	0.42
Attacker	2050	0.0	0	1.0	1	0.0	0.0
Defender	2050	0.0	0	1.0	1	0.18125484848484835	0.36
Attacker	2200	0.0	0	1.0	1	0.0	0.0
Defender	2200	0.0	0	1.0	1	0.21790000000000018	0.48
Attacker	2350	0.0	0	1.0	1	0.0	0.0
Defender	2350	0.0	0	1.0	1	0.19656332830159257	0.42
Attacker	2500	0.0	0	1.0	1	0.0	0.0
Defender	2500	0.0	0	1.0	1	0.2011428571428573	0.54
Attacker	2650	0.0	0	1.0	1	0.0	0.0
Defender	2650	0.0	0	1.0	1	0.21915600000000018	0.54
Attacker	2800	0.0	0	1.0	1	0.0	0.0
Defender	2800	0.0	0	1.0	1	0.2194375000000001	0.48
Attacker	2950	0.0	0	1.0	1	0.0	0.0
Defender	2950	0.0	0	1.0	1	0.22740000000000005	0.48
Attacker	3100	0.0	0	1.0	1	0.0	0.0
Defender	3100	0.0	0	1.0	1	0.20171560000000022	0.54
Attacker	3250	0.0	0	1.0	1	0.0	0.0
Defender	3250	0.0	0	1.0	1	0.2028166666666668	0.42
Attacker	3400	0.0	0	1.0	1	0.0	0.0
Defender	3400	0.0	0	1.0	1	0.19424395604395606	0.42
Attacker	3550	0.0	0	1.0	1	0.0	0.0
Defender	3550	0.0	0	1.0	1	0.20697183355704707	0.6
Attacker	3700	0.0	0	1.0	1	0.0	0.0
Defender	3700	0.0	0	1.0	1	0.18625134285714282	0.54
Attacker	3850	0.0	0	1.0	1	0.0	0.0
Defender	3850	0.0	0	1.0	1	0.18091987012987001	0.42
Attacker	4000	0.0	0	1.0	1	0.0	0.0
Defender	4000	0.0	0	1.0	1	0.1699699999999997	0.42
Attacker	4150	0.0	0	1.0	1	0.0	0.0
Defender	4150	0.0	0	1.0	1	0.18348519999999993	0.42
Attacker	4300	0.0	0	1.0	1	0.0	0.0
Defender	4300	0.0	0	1.0	1	0.190309935064935	0.6
Attacker	4450	0.0	0	1.0	1	0.0	0.0
Defender	4450	0.0	0	1.0	1	0.1800857142857141	0.48
Attacker	4600	0.0	0	1.0	1	0.0	0.0
Defender	4600	0.0	0	1.0	1	0.1842863636363636	0.54
Attacker	4750	0.0	0	1.0	1	0.0	0.0
Defender	4750	0.0	0	1.0	1	0.1894501298701299	0.42
Attacker	4900	0.0	0	1.0	1	0.0	0.0
Defender	4900	0.0	0	1.0	1	0.2120842422946615	0.6
Attacker	5050	0.0	0	1.0	1	0.0	0.0
Defender	5050	0.0	0	1.0	1	0.19075571428571422	0.54
