7.575757575757575690e-01 9.242424242424241987e-01 9.090909090909091161e-02 9.090909090909091161e-02 9.090909090909091161e-02 9.090909090909091161e-02 9.090909090909091161e-02 9.090909090909091161e-02 9.090909090909091161e-02 9.090909090909091161e-02 9.090909090909091161e-02 9.090909090909091161e-02 9.090909090909091161e-02 9.090909090909091161e-02 9.090909090909091161e-02 9.090909090909091161e-02 9.090909090909091161e-02 9.090909090909091161e-02 9.090909090909091161e-02
8.181818181818182323e-01 8.333333333333333703e-01 9.090909090909091161e-02 9.090909090909091161e-02 9.090909090909091161e-02 9.090909090909091161e-02 9.090909090909091161e-02 9.090909090909091161e-02 9.090909090909091161e-02 9.090909090909091161e-02 9.090909090909091161e-02 9.090909090909091161e-02 9.090909090909091161e-02 9.090909090909091161e-02 9.090909090909091161e-02 9.090909090909091161e-02 9.090909090909091161e-02 9.090909090909091161e-02 1.000000000000000000e+00
9.242424242424241987e-01 8.181818181818182323e-01 9.090909090909091161e-02 9.090909090909091161e-02 9.090909090909091161e-02 9.090909090909091161e-02 9.090909090909091161e-02 9.090909090909091161e-02 9.090909090909091161e-02 9.090909090909091161e-02 9.090909090909091161e-02 9.090909090909091161e-02 9.090909090909091161e-02 9.090909090909091161e-02 9.090909090909091161e-02 9.090909090909091161e-02 9.090909090909091161e-02 1.000000000000000000e+00 1.000000000000000000e+00
7.575757575757575690e-01 9.090909090909090606e-01 9.090909090909091161e-02 9.090909090909091161e-02 9.090909090909091161e-02 9.090909090909091161e-02 9.090909090909091161e-02 9.090909090909091161e-02 9.090909090909091161e-02 9.090909090909091161e-02 9.090909090909091161e-02 9.090909090909091161e-02 9.090909090909091161e-02 9.090909090909091161e-02 9.090909090909091161e-02 9.090909090909091161e-02 1.000000000000000000e+00 1.000000000000000000e+00 1.000000000000000000e+00
7.424242424242424310e-01 7.424242424242424310e-01 9.090909090909091161e-02 9.090909090909091161e-02 9.090909090909091161e-02 9.090909090909091161e-02 9.090909090909091161e-02 9.090909090909091161e-02 9.090909090909091161e-02 9.090909090909091161e-02 9.090909090909091161e-02 9.090909090909091161e-02 9.090909090909091161e-02 9.090909090909091161e-02 9.090909090909091161e-02 1.000000000000000000e+00 1.000000000000000000e+00 1.000000000000000000e+00 1.000000000000000000e+00
9.090909090909090606e-01 8.939393939393939226e-01 9.090909090909091161e-02 9.090909090909091161e-02 9.090909090909091161e-02 9.090909090909091161e-02 9.090909090909091161e-02 9.090909090909091161e-02 9.090909090909091161e-02 9.090909090909091161e-02 9.090909090909091161e-02 9.090909090909091161e-02 9.090909090909091161e-02 9.090909090909091161e-02 1.000000000000000000e+00 1.000000000000000000e+00 1.000000000000000000e+00 1.000000000000000000e+00 1.000000000000000000e+00
7.575757575757575690e-01 9.545454545454545858e-01 9.090909090909091161e-02 9.090909090909091161e-02 9.090909090909091161e-02 9.090909090909091161e-02 9.090909090909091161e-02 9.090909090909091161e-02 9.090909090909091161e-02 9.090909090909091161e-02 9.090909090909091161e-02 9.090909090909091161e-02 9.090909090909091161e-02 1.000000000000000000e+00 1.000000000000000000e+00 1.000000000000000000e+00 1.000000000000000000e+00 1.000000000000000000e+00 1.000000000000000000e+00
7.878787878787878451e-01 8.030303030303029832e-01 9.090909090909091161e-02 9.090909090909091161e-02 9.090909090909091161e-02 9.090909090909091161e-02 9.090909090909091161e-02 9.090909090909091161e-02 9.090909090909091161e-02 9.090909090909091161e-02 9.090909090909091161e-02 9.090909090909091161e-02 1.000000000000000000e+00 1.000000000000000000e+00 1.000000000000000000e+00 1.000000000000000000e+00 1.000000000000000000e+00 1.000000000000000000e+00 1.000000000000000000e+00
8.030303030303029832e-01 9.090909090909090606e-01 9.090909090909091161e-02 9.090909090909091161e-02 9.090909090909091161e-02 9.090909090909091161e-02 9.090909090909091161e-02 9.090909090909091161e-02 9.090909090909091161e-02 9.090909090909091161e-02 9.090909090909091161e-02 1.000000000000000000e+00 1.000000000000000000e+00 1.000000000000000000e+00 1.000000000000000000e+00 1.000000000000000000e+00 1.000000000000000000e+00 1.000000000000000000e+00 1.000000000000000000e+00
8.333333333333333703e-01 1.000000000000000000e+00 9.090909090909091161e-02 9.090909090909091161e-02 9.090909090909091161e-02 9.090909090909091161e-02 9.090909090909091161e-02 9.090909090909091161e-02 9.090909090909091161e-02 9.090909090909091161e-02 1.000000000000000000e+00 1.000000000000000000e+00 1.000000000000000000e+00 1.000000000000000000e+00 1.000000000000000000e+00 1.000000000000000000e+00 1.000000000000000000e+00 1.000000000000000000e+00 1.000000000000000000e+00
8.333333333333333703e-01 7.727272727272727071e-01 9.090909090909091161e-02 9.090909090909091161e-02 9.090909090909091161e-02 9.090909090909091161e-02 9.090909090909091161e-02 9.090909090909091161e-02 9.090909090909091161e-02 1.000000000000000000e+00 1.000000000000000000e+00 1.000000000000000000e+00 1.000000000000000000e+00 1.000000000000000000e+00 1.000000000000000000e+00 1.000000000000000000e+00 1.000000000000000000e+00 1.000000000000000000e+00 1.000000000000000000e+00
9.848484848484848619e-01 8.939393939393939226e-01 9.090909090909091161e-02 9.090909090909091161e-02 9.090909090909091161e-02 9.090909090909091161e-02 9.090909090909091161e-02 9.090909090909091161e-02 1.000000000000000000e+00 1.000000000000000000e+00 1.000000000000000000e+00 1.000000000000000000e+00 1.000000000000000000e+00 1.000000000000000000e+00 1.000000000000000000e+00 1.000000000000000000e+00 1.000000000000000000e+00 1.000000000000000000e+00 1.000000000000000000e+00
9.696969696969697239e-01 9.545454545454545858e-01 9.090909090909091161e-02 9.090909090909091161e-02 9.090909090909091161e-02 9.090909090909091161e-02 9.090909090909091161e-02 1.000000000000000000e+00 1.000000000000000000e+00 1.000000000000000000e+00 1.000000000000000000e+00 1.000000000000000000e+00 1.000000000000000000e+00 1.000000000000000000e+00 1.000000000000000000e+00 1.000000000000000000e+00 1.000000000000000000e+00 1.000000000000000000e+00 1.000000000000000000e+00
8.787878787878787845e-01 7.272727272727272929e-01 9.090909090909091161e-02 9.090909090909091161e-02 9.090909090909091161e-02 9.090909090909091161e-02 1.000000000000000000e+00 1.000000000000000000e+00 1.000000000000000000e+00 1.000000000000000000e+00 1.000000000000000000e+00 1.000000000000000000e+00 1.000000000000000000e+00 1.000000000000000000e+00 1.000000000000000000e+00 1.000000000000000000e+00 1.000000000000000000e+00 1.000000000000000000e+00 1.000000000000000000e+00
7.727272727272727071e-01 7.575757575757575690e-01 0.000000000000000000e+00 0.000000000000000000e+00 0.000000000000000000e+00 1.000000000000000000e+00 1.000000000000000000e+00 1.000000000000000000e+00 1.000000000000000000e+00 1.000000000000000000e+00 1.000000000000000000e+00 1.000000000000000000e+00 1.000000000000000000e+00 1.000000000000000000e+00 1.000000000000000000e+00 1.000000000000000000e+00 1.000000000000000000e+00 1.000000000000000000e+00 1.000000000000000000e+00
5.757575757575758013e-01 8.181818181818182323e-01 0.000000000000000000e+00 0.000000000000000000e+00 1.000000000000000000e+00 1.000000000000000000e+00 1.000000000000000000e+00 1.000000000000000000e+00 1.000000000000000000e+00 1.000000000000000000e+00 1.000000000000000000e+00 1.000000000000000000e+00 1.000000000000000000e+00 1.000000000000000000e+00 1.000000000000000000e+00 1.000000000000000000e+00 1.000000000000000000e+00 1.000000000000000000e+00 1.000000000000000000e+00
7.272727272727272929e-01 7.272727272727272929e-01 0.000000000000000000e+00 1.000000000000000000e+00 1.000000000000000000e+00 1.000000000000000000e+00 1.000000000000000000e+00 1.000000000000000000e+00 1.000000000000000000e+00 1.000000000000000000e+00 1.000000000000000000e+00 1.000000000000000000e+00 1.000000000000000000e+00 1.000000000000000000e+00 1.000000000000000000e+00 1.000000000000000000e+00 1.000000000000000000e+00 1.000000000000000000e+00 1.000000000000000000e+00
8.030303030303029832e-01 8.030303030303029832e-01 1.000000000000000000e+00 1.000000000000000000e+00 1.000000000000000000e+00 1.000000000000000000e+00 1.000000000000000000e+00 1.000000000000000000e+00 1.000000000000000000e+00 1.000000000000000000e+00 1.000000000000000000e+00 1.000000000000000000e+00 1.000000000000000000e+00 1.000000000000000000e+00 1.000000000000000000e+00 1.000000000000000000e+00 1.000000000000000000e+00 1.000000000000000000e+00 1.000000000000000000e+00
7.878787878787878451e-01 1.000000000000000000e+00 1.000000000000000000e+00 1.000000000000000000e+00 1.000000000000000000e+00 1.000000000000000000e+00 1.000000000000000000e+00 1.000000000000000000e+00 1.000000000000000000e+00 1.000000000000000000e+00 1.000000000000000000e+00 1.000000000000000000e+00 1.000000000000000000e+00 1.000000000000000000e+00 1.000000000000000000e+00 1.000000000000000000e+00 1.000000000000000000e+00 1.000000000000000000e+00 1.000000000000000000e+00
