35
20
m 0 19
1 34 0
2 34 0
3 34 0
w 9 0
w 10 0
w 11 0
w 12 0
w 22 0
w 23 0
w 24 0
w 25 0
w 1 1
w 3 1
w 5 1
w 7 1
w 14 1
w 15 1
w 16 1
w 17 1
w 18 1
w 19 1
w 20 1
w 27 1
w 29 1
w 31 1
w 33 1
w 7 2
w 9 2
w 10 2
w 11 2
w 12 2
w 13 2
w 14 2
w 15 2
w 16 2
w 17 2
w 18 2
w 19 2
w 20 2
w 21 2
w 22 2
w 23 2
w 24 2
w 25 2
w 27 2
w 0 3
w 1 3
w 3 3
w 4 3
w 5 3
w 7 3
w 9 3
w 10 3
w 11 3
w 12 3
w 13 3
w 14 3
w 15 3
w 16 3
w 17 3
w 18 3
w 19 3
w 20 3
w 21 3
w 22 3
w 23 3
w 24 3
w 25 3
w 27 3
w 29 3
w 30 3
w 31 3
w 33 3
w 34 3
w 0 4
w 1 4
w 3 4
w 4 4
w 5 4
w 7 4
w 9 4
w 10 4
w 11 4
w 12 4
w 13 4
w 14 4
w 15 4
w 16 4
w 17 4
w 18 4
w 19 4
w 20 4
w 21 4
w 22 4
w 23 4
w 24 4
w 25 4
w 27 4
w 29 4
w 30 4
w 31 4
w 33 4
w 34 4
w 0 5
w 1 5
w 3 5
w 4 5
w 5 5
w 9 5
w 15 5
w 16 5
w 17 5
w 18 5
w 19 5
w 25 5
w 29 5
w 30 5
w 31 5
w 33 5
w 34 5
w 0 6
w 1 6
w 7 6
w 9 6
w 11 6
w 12 6
w 13 6
w 15 6
w 16 6
w 17 6
w 18 6
w 19 6
w 21 6
w 22 6
w 23 6
w 25 6
w 27 6
w 33 6
w 34 6
w 0 7
w 1 7
w 3 7
w 4 7
w 5 7
w 6 7
w 7 7
w 9 7
w 11 7
w 12 7
w 13 7
w 21 7
w 22 7
w 23 7
w 25 7
w 27 7
w 28 7
w 29 7
w 30 7
w 31 7
w 33 7
w 34 7
w 0 8
w 1 8
w 3 8
w 4 8
w 5 8
w 6 8
w 7 8
w 11 8
w 12 8
w 13 8
w 14 8
w 16 8
w 17 8
w 18 8
w 20 8
w 21 8
w 22 8
w 23 8
w 27 8
w 28 8
w 29 8
w 30 8
w 31 8
w 33 8
w 34 8
w 0 9
w 1 9
w 3 9
w 4 9
w 5 9
w 6 9
w 7 9
w 8 9
w 9 9
w 11 9
w 12 9
w 13 9
w 14 9
w 16 9
w 17 9
w 18 9
w 20 9
w 21 9
w 22 9
w 23 9
w 25 9
w 26 9
w 27 9
w 28 9
w 29 9
w 30 9
w 31 9
w 33 9
w 34 9
w 0 10
w 1 10
w 3 10
w 4 10
w 5 10
w 6 10
w 7 10
w 8 10
w 9 10
w 11 10
w 12 10
w 13 10
w 14 10
w 16 10
w 17 10
w 18 10
w 20 10
w 21 10
w 22 10
w 23 10
w 25 10
w 26 10
w 27 10
w 28 10
w 29 10
w 30 10
w 31 10
w 33 10
w 34 10
w 0 11
w 1 11
w 3 11
w 4 11
w 5 11
w 6 11
w 7 11
w 8 11
w 9 11
w 16 11
w 17 11
w 18 11
w 25 11
w 26 11
w 27 11
w 28 11
w 29 11
w 30 11
w 31 11
w 33 11
w 34 11
w 4 12
w 11 12
w 12 12
w 13 12
w 14 12
w 15 12
w 16 12
w 17 12
w 18 12
w 19 12
w 20 12
w 21 12
w 22 12
w 23 12
w 30 12
w 1 13
w 2 13
w 4 13
w 6 13
w 7 13
w 8 13
w 10 13
w 11 13
w 12 13
w 13 13
w 14 13
w 15 13
w 16 13
w 17 13
w 18 13
w 19 13
w 20 13
w 21 13
w 22 13
w 23 13
w 24 13
w 26 13
w 27 13
w 28 13
w 30 13
w 32 13
w 33 13
w 1 14
w 2 14
w 4 14
w 6 14
w 7 14
w 8 14
w 10 14
w 11 14
w 12 14
w 13 14
w 14 14
w 15 14
w 16 14
w 17 14
w 18 14
w 19 14
w 20 14
w 21 14
w 22 14
w 23 14
w 24 14
w 26 14
w 27 14
w 28 14
w 30 14
w 32 14
w 33 14
w 1 15
w 2 15
w 6 15
w 7 15
w 8 15
w 10 15
w 11 15
w 12 15
w 13 15
w 14 15
w 15 15
w 16 15
w 17 15
w 18 15
w 19 15
w 20 15
w 21 15
w 22 15
w 23 15
w 24 15
w 26 15
w 27 15
w 28 15
w 32 15
w 33 15
w 1 16
w 2 16
w 4 16
w 6 16
w 7 16
w 8 16
w 10 16
w 11 16
w 12 16
w 13 16
w 14 16
w 15 16
w 19 16
w 20 16
w 21 16
w 22 16
w 23 16
w 24 16
w 26 16
w 27 16
w 28 16
w 30 16
w 32 16
w 33 16
w 6 17
w 7 17
w 8 17
w 10 17
w 11 17
w 12 17
w 13 17
w 14 17
w 15 17
w 17 17
w 19 17
w 20 17
w 21 17
w 22 17
w 23 17
w 24 17
w 26 17
w 27 17
w 28 17
w 1 18
w 3 18
w 4 18
w 5 18
w 6 18
w 7 18
w 8 18
w 10 18
w 11 18
w 12 18
w 13 18
w 14 18
w 15 18
w 17 18
w 19 18
w 20 18
w 21 18
w 22 18
w 23 18
w 24 18
w 26 18
w 27 18
w 28 18
w 29 18
w 30 18
w 31 18
w 33 18
p 0 0
p 1 0
p 2 0
p 5 0
p 14 0
p 15 0
p 18 0
p 19 0
p 28 0
p 31 0
p 32 0
p 33 0
p 34 0
p 0 1
p 12 1
p 13 1
p 22 1
p 23 1
p 24 1
p 26 1
p 32 1
p 34 1
p 0 2
p 1 2
p 3 2
p 4 2
p 5 2
p 6 2
p 28 2
p 30 2
p 31 2
p 32 2
p 33 2
p 2 3
p 6 3
p 26 3
p 32 3
p 6 4
p 32 4
p 6 5
p 8 5
p 10 5
p 12 5
p 23 5
p 24 5
p 26 5
p 28 5
p 32 5
p 2 6
p 3 6
p 4 6
p 5 6
p 8 6
p 14 6
p 20 6
p 28 6
p 30 6
p 32 6
p 8 7
p 14 7
p 16 7
p 18 7
p 24 7
p 32 7
p 9 8
p 10 8
p 19 8
p 24 8
p 26 8
p 10 9
p 24 9
p 32 9
p 10 10
p 15 10
p 19 10
p 2 11
p 10 11
p 13 11
p 19 11
p 20 11
p 21 11
p 23 11
p 24 11
p 32 11
p 6 12
p 7 12
p 31 12
p 34 12
p 9 13
p 25 13
p 5 14
p 9 14
p 0 15
p 4 15
p 5 15
p 29 15
p 31 15
p 0 16
p 3 16
p 5 16
p 16 16
p 18 16
p 31 16
p 34 16
p 2 17
p 3 17
p 5 17
p 9 17
p 16 17
p 18 17
p 29 17
p 30 17
p 32 17
p 34 17
p 2 18
p 9 18
p 16 18
p 18 18
p 25 18
p 34 18
p 2 19
p 5 19
p 6 19
p 7 19
p 8 19
p 9 19
p 10 19
p 11 19
p 14 19
p 16 19
p 24 19
p 26 19
p 27 19
p 28 19
p 30 19
p 31 19
p 32 19
p 33 19
p 34 19
t 700 0
m 1 19
1 34 1
2 34 1
3 34 1
f 25 1
t 699 0
m 2 19
1 34 2
2 34 2
3 34 2
t 698 0
m 3 19
1 34 1
2 34 1
3 34 1
t 697 0
m 3 19
1 34 2
2 34 2
3 34 2
t 696 0
m 2 19
1 34 1
2 34 1
3 34 1
t 695 0
m 2 18
1 34 2
2 34 2
3 34 2
t 694 1
m 2 17
1 34 1
2 34 1
3 34 1
t 693 2
m 2 18
1 34 2
2 34 2
3 34 2
t 692 2
m 2 17
1 34 1
2 34 1
3 34 1
t 691 2
m 3 17
1 34 2
2 34 2
3 34 2
t 690 2
m 4 17
1 34 1
2 34 1
3 34 1
t 689 2
m 5 17
1 34 2
2 34 2
3 34 2
t 688 3
m 4 17
1 34 1
2 34 1
3 34 1
t 687 3
m 3 17
1 34 2
2 34 2
3 34 2
t 686 3
m 4 17
1 34 1
2 34 1
3 34 1
t 685 3
m 3 17
1 34 2
2 34 2
3 34 2
t 684 3
m 3 17
1 34 1
2 34 1
3 34 1
t 683 3
m 3 17
1 34 2
2 34 2
3 34 2
t 682 3
m 2 17
1 34 1
2 34 1
3 34 1
t 681 3
m 1 17
1 34 2
2 34 2
3 34 2
t 680 3
m 2 17
1 34 1
2 34 1
3 34 1
t 679 3
m 3 17
1 34 2
2 34 2
3 34 2
t 678 3
m 3 17
1 34 1
2 34 1
3 34 1
t 677 3
m 3 16
1 34 2
2 34 2
3 34 2
t 676 4
m 3 16
1 34 1
2 34 1
3 34 1
t 675 4
m 3 15
1 34 2
2 34 2
3 34 2
t 674 4
m 4 15
1 34 1
2 34 1
3 34 1
t 673 5
m 4 15
1 34 2
2 34 2
3 34 2
t 672 5
m 3 15
1 34 1
2 34 1
3 34 1
t 671 5
m 3 14
1 34 2
2 34 2
3 34 2
t 670 5
m 3 13
1 34 1
2 34 1
3 34 1
t 669 5
m 3 14
1 34 2
2 34 2
3 34 2
t 668 5
m 3 13
1 34 1
2 34 1
3 34 1
t 667 5
m 3 12
1 34 2
2 34 2
3 34 2
t 666 5
m 2 12
1 34 1
2 34 1
3 34 1
t 665 5
m 2 12
1 34 2
2 34 2
3 34 2
t 664 5
m 2 12
1 34 1
2 34 1
3 34 1
t 663 5
m 1 12
1 34 2
2 34 2
3 34 2
t 662 5
m 2 12
1 34 1
2 34 1
3 34 1
t 661 5
m 2 11
1 34 2
2 34 2
3 34 2
t 660 5
m 2 11
1 34 1
2 34 1
3 34 1
t 659 5
m 2 10
1 34 2
2 34 2
3 34 2
t 658 5
m 2 10
1 34 1
2 34 1
3 34 1
t 657 5
m 2 9
1 34 2
2 34 2
3 34 2
t 656 5
m 2 8
1 34 1
2 34 1
3 34 1
t 655 5
m 2 7
1 34 2
2 34 2
3 34 2
t 654 5
m 2 6
1 34 1
2 34 1
3 34 1
t 653 6
m 2 6
1 34 2
2 34 2
3 34 2
t 652 6
m 3 6
1 34 1
2 34 1
3 34 1
t 651 7
m 4 6
1 34 2
2 34 2
3 34 2
t 650 7
m 5 6
1 34 1
2 34 1
3 34 1
t 649 8
m 6 6
1 34 2
2 34 2
3 34 2
t 648 8
m 5 6
1 34 1
2 34 1
3 34 1
t 647 8
m 4 6
1 34 2
2 34 2
3 34 2
t 646 8
m 4 6
1 34 1
2 34 1
3 34 1
t 645 8
m 4 6
1 34 2
2 34 2
3 34 2
t 644 8
m 3 6
1 34 1
2 34 1
3 34 1
t 643 8
m 2 6
1 34 2
2 34 2
3 34 2
t 642 8
m 2 7
1 34 1
2 34 1
3 34 1
t 641 8
m 2 7
1 34 2
2 34 2
3 34 2
t 640 8
m 2 7
1 34 1
2 34 1
3 34 1
t 639 8
m 2 7
1 34 2
2 34 2
3 34 2
t 638 8
m 2 7
1 34 1
2 34 1
3 34 1
t 637 8
m 2 6
1 34 2
2 34 2
3 34 2
t 636 8
m 2 6
1 34 1
2 34 1
3 34 1
t 635 8
m 2 7
1 34 2
2 34 2
3 34 2
t 634 8
m 2 6
1 34 1
2 34 1
3 34 1
t 633 8
m 2 7
1 34 2
2 34 2
3 34 2
t 632 8
m 2 7
1 34 1
2 34 1
3 34 1
t 631 8
m 2 6
1 34 2
2 34 2
3 34 2
t 630 8
m 2 5
1 34 1
2 34 1
3 34 1
t 629 8
m 2 4
1 34 2
2 34 2
3 34 2
t 628 8
m 2 5
1 34 1
2 34 1
3 34 1
t 627 8
m 2 5
1 34 2
2 34 2
3 34 2
t 626 8
m 2 6
1 34 1
2 34 1
3 34 1
t 625 8
m 3 6
1 34 2
2 34 2
3 34 2
t 624 8
m 3 6
1 34 1
2 34 1
3 34 1
t 623 8
m 2 6
1 34 2
2 34 2
3 34 2
t 622 8
m 2 5
1 34 1
2 34 1
3 34 1
t 621 8
m 2 5
1 34 2
2 34 2
3 34 2
t 620 8
m 2 4
1 34 1
2 34 1
3 34 1
t 619 8
m 2 3
1 34 2
2 34 2
3 34 2
t 618 9
m 2 2
1 34 1
2 34 1
3 34 1
t 617 9
m 2 2
1 34 2
2 34 2
3 34 2
t 616 9
m 2 2
1 34 1
2 34 1
3 34 1
t 615 9
m 2 1
1 34 2
2 34 2
3 34 2
t 614 9
m 2 2
1 34 1
2 34 1
3 34 1
t 613 9
m 2 3
1 34 2
2 34 2
3 34 2
t 612 9
m 2 3
1 34 1
2 34 1
3 34 1
t 611 9
m 2 2
1 34 2
2 34 2
3 34 2
t 610 9
m 2 3
1 34 1
2 34 1
3 34 1
t 609 9
m 2 3
1 34 2
2 34 2
3 34 2
t 608 9
m 2 4
1 34 1
2 34 1
3 34 1
t 607 9
m 2 5
1 34 2
2 34 2
3 34 2
t 606 9
m 2 5
1 34 1
2 34 1
3 34 1
t 605 9
m 2 4
1 34 2
2 34 2
3 34 2
t 604 9
m 2 4
1 34 1
2 34 1
3 34 1
t 603 9
m 2 5
1 34 2
2 34 2
3 34 2
t 602 9
m 2 5
1 34 1
2 34 1
3 34 1
t 601 9
m 2 6
1 34 2
2 34 2
3 34 2
t 600 9
m 3 6
1 34 1
2 34 1
3 34 1
t 599 9
m 4 6
1 34 2
2 34 2
3 34 2
t 598 9
m 5 6
1 34 1
2 34 1
3 34 1
t 597 9
m 4 6
1 34 2
2 34 2
3 34 2
t 596 9
m 3 6
1 34 1
2 34 1
3 34 1
t 595 9
m 4 6
1 34 2
2 34 2
3 34 2
t 594 9
m 5 6
1 34 1
2 34 1
3 34 1
t 593 9
m 5 6
1 34 2
2 34 2
3 34 2
t 592 9
m 5 6
1 34 1
2 34 1
3 34 1
t 591 9
m 6 6
1 34 2
2 34 2
3 34 2
t 590 9
m 6 6
1 34 1
2 34 1
3 34 1
t 589 9
m 6 6
1 34 2
2 34 2
3 34 2
t 588 9
m 6 6
1 34 1
2 34 1
3 34 1
t 587 9
m 6 6
1 34 2
2 34 2
3 34 2
t 586 9
m 5 6
1 34 1
2 34 1
3 34 1
t 585 9
m 6 6
1 34 2
2 34 2
3 34 2
t 584 9
m 6 5
1 34 1
2 34 1
3 34 1
t 583 10
m 6 5
1 34 2
2 34 2
3 34 2
t 582 10
m 7 5
1 34 1
2 34 1
3 34 1
t 581 10
m 7 5
1 34 2
2 34 2
3 34 2
t 580 10
m 7 5
1 34 1
2 34 1
3 34 1
t 579 10
m 8 5
1 34 2
2 34 2
3 34 2
t 578 10
m 8 6
1 34 1
2 34 1
3 34 1
t 577 11
m 8 7
1 34 2
2 34 2
3 34 2
t 576 12
m 8 6
1 34 1
2 34 1
3 34 1
t 575 12
m 8 5
1 34 2
2 34 2
3 34 2
t 574 12
m 8 5
1 34 1
2 34 1
3 34 1
t 573 12
m 7 5
1 34 2
2 34 2
3 34 2
t 572 12
m 8 5
1 34 1
2 34 1
3 34 1
t 571 12
m 7 5
1 34 2
2 34 2
3 34 2
t 570 12
m 8 5
1 34 1
2 34 1
3 34 1
t 569 12
m 8 6
1 34 2
2 34 2
3 34 2
t 568 12
m 8 6
1 34 1
2 34 1
3 34 1
t 567 12
m 8 7
1 34 2
2 34 2
3 34 2
t 566 12
m 8 6
1 34 1
2 34 1
3 34 1
t 565 12
m 8 7
1 34 2
2 34 2
3 34 2
t 564 12
m 8 7
1 34 1
2 34 1
3 34 1
t 563 12
m 8 7
1 34 2
2 34 2
3 34 2
t 562 12
m 8 6
1 34 1
2 34 1
3 34 1
t 561 12
m 8 7
1 34 2
2 34 2
3 34 2
t 560 12
m 8 6
1 34 1
2 34 1
3 34 1
t 559 12
m 8 7
1 34 2
2 34 2
3 34 2
t 558 12
m 8 7
1 34 1
2 34 1
3 34 1
t 557 12
m 8 6
1 34 2
2 34 2
3 34 2
t 556 12
m 8 6
1 34 1
2 34 1
3 34 1
t 555 12
m 8 7
1 34 2
2 34 2
3 34 2
t 554 12
m 8 8
1 34 1
2 34 1
3 34 1
t 553 12
m 8 7
1 34 2
2 34 2
3 34 2
t 552 12
m 8 6
1 34 1
2 34 1
3 34 1
t 551 12
m 8 7
1 34 2
2 34 2
3 34 2
t 550 12
m 8 6
1 34 1
2 34 1
3 34 1
t 549 12
m 8 7
1 34 2
2 34 2
3 34 2
t 548 12
m 8 7
1 34 1
2 34 1
3 34 1
t 547 12
m 8 8
1 34 2
2 34 2
3 34 2
t 546 12
m 8 8
1 34 1
2 34 1
3 34 1
t 545 12
m 8 7
1 34 2
2 34 2
3 34 2
t 544 12
m 8 8
1 34 1
2 34 1
3 34 1
t 543 12
m 8 8
1 34 2
2 34 2
3 34 2
t 542 12
m 8 7
1 34 1
2 34 1
3 34 1
t 541 12
m 8 7
1 34 2
2 34 2
3 34 2
t 540 12
m 8 7
1 34 1
2 34 1
3 34 1
t 539 12
m 8 7
1 34 2
2 34 2
3 34 2
t 538 12
m 8 6
1 34 1
2 34 1
3 34 1
t 537 12
m 8 5
1 34 2
2 34 2
3 34 2
t 536 12
m 7 5
1 34 1
2 34 1
3 34 1
t 535 12
m 8 5
1 34 2
2 34 2
3 34 2
t 534 12
m 8 5
1 34 1
2 34 1
3 34 1
t 533 12
m 7 5
1 34 2
2 34 2
3 34 2
t 532 12
m 6 5
1 34 1
2 34 1
3 34 1
t 531 12
m 6 4
1 34 2
2 34 2
3 34 2
t 530 12
m 6 5
1 34 1
2 34 1
3 34 1
t 529 12
m 6 4
1 34 2
2 34 2
3 34 2
t 528 12
m 6 3
1 34 1
2 34 1
3 34 1
t 527 13
m 6 2
1 34 2
2 34 2
3 34 2
t 526 14
m 6 2
1 34 1
2 34 1
3 34 1
t 525 14
m 6 3
1 34 2
2 34 2
3 34 2
t 524 14
m 6 4
1 34 1
2 34 1
3 34 1
t 523 14
m 6 3
1 34 2
2 34 2
3 34 2
t 522 14
m 6 2
1 34 1
2 34 1
3 34 1
t 521 14
m 6 1
1 34 2
2 34 2
3 34 2
t 520 14
m 6 2
1 34 1
2 34 1
3 34 1
t 519 14
m 6 3
1 34 2
2 34 2
3 34 2
t 518 14
m 6 4
1 34 1
2 34 1
3 34 1
t 517 14
m 6 4
1 34 2
2 34 2
3 34 2
t 516 14
m 6 3
1 34 1
2 34 1
3 34 1
t 515 14
m 6 2
1 34 2
2 34 2
3 34 2
t 514 14
m 5 2
1 34 1
2 34 1
3 34 1
t 513 15
m 6 2
1 34 2
2 34 2
3 34 2
t 512 15
m 6 2
1 34 1
2 34 1
3 34 1
t 511 15
m 6 2
1 34 2
2 34 2
3 34 2
t 510 15
m 6 1
1 34 1
2 34 1
3 34 1
t 509 15
m 6 2
1 34 2
2 34 2
3 34 2
t 508 15
m 6 2
1 34 1
2 34 1
3 34 1
t 507 15
m 6 1
1 34 2
2 34 2
3 34 2
t 506 15
m 6 1
1 34 1
2 34 1
3 34 1
t 505 15
m 6 2
1 34 2
2 34 2
3 34 2
t 504 15
m 5 2
1 34 1
2 34 1
3 34 1
t 503 15
m 4 2
1 34 2
2 34 2
3 34 2
t 502 15
m 5 2
1 34 1
2 34 1
3 34 1
t 501 15
m 6 2
1 34 2
2 34 2
3 34 2
t 500 15
m 6 3
1 34 1
2 34 1
3 34 1
t 499 15
m 6 3
1 34 2
2 34 2
3 34 2
t 498 15
m 6 3
1 34 1
2 34 1
3 34 1
t 497 15
m 6 3
1 34 2
2 34 2
3 34 2
t 496 15
m 6 3
1 34 1
2 34 1
3 34 1
t 495 15
m 6 4
1 34 2
2 34 2
3 34 2
t 494 15
m 6 3
1 34 1
2 34 1
3 34 1
t 493 15
m 6 4
1 34 2
2 34 2
3 34 2
t 492 15
m 6 5
1 34 1
2 34 1
3 34 1
t 491 15
m 6 6
1 34 2
2 34 2
3 34 2
t 490 15
m 5 6
1 34 1
2 34 1
3 34 1
t 489 15
m 4 6
1 34 2
2 34 2
3 34 2
t 488 15
m 5 6
1 34 1
2 34 1
3 34 1
t 487 15
m 5 6
1 34 2
2 34 2
3 34 2
t 486 15
m 5 6
1 34 1
2 34 1
3 34 1
t 485 15
m 6 6
1 34 2
2 34 2
3 34 2
t 484 15
m 5 6
1 34 1
2 34 1
3 34 1
t 483 15
m 5 6
1 34 2
2 34 2
3 34 2
t 482 15
m 4 6
1 34 1
2 34 1
3 34 1
t 481 15
m 3 6
1 34 2
2 34 2
3 34 2
t 480 15
m 4 6
1 34 1
2 34 1
3 34 1
t 479 15
m 5 6
1 34 2
2 34 2
3 34 2
t 478 15
m 5 6
1 34 1
2 34 1
3 34 1
t 477 15
m 6 6
1 34 2
2 34 2
3 34 2
t 476 15
m 6 6
1 34 1
2 34 1
3 34 1
t 475 15
m 5 6
1 34 2
2 34 2
3 34 2
t 474 15
m 5 6
1 34 1
2 34 1
3 34 1
t 473 15
m 4 6
1 34 2
2 34 2
3 34 2
t 472 15
m 5 6
1 34 1
2 34 1
3 34 1
t 471 15
m 6 6
1 34 2
2 34 2
3 34 2
t 470 15
m 6 5
1 34 1
2 34 1
3 34 1
t 469 15
m 6 4
1 34 2
2 34 2
3 34 2
t 468 15
m 6 5
1 34 1
2 34 1
3 34 1
t 467 15
m 7 5
1 34 2
2 34 2
3 34 2
t 466 15
m 6 5
1 34 1
2 34 1
3 34 1
t 465 15
m 6 5
1 34 2
2 34 2
3 34 2
t 464 15
m 6 6
1 34 1
2 34 1
3 34 1
t 463 15
m 5 6
1 34 2
2 34 2
3 34 2
t 462 15
m 6 6
1 34 1
2 34 1
3 34 1
t 461 15
m 5 6
1 34 2
2 34 2
3 34 2
t 460 15
m 6 6
1 34 1
2 34 1
3 34 1
t 459 15
m 5 6
1 34 2
2 34 2
3 34 2
t 458 15
m 4 6
1 34 1
2 34 1
3 34 1
t 457 15
m 3 6
1 34 2
2 34 2
3 34 2
t 456 15
m 3 6
1 34 1
2 34 1
3 34 1
t 455 15
m 4 6
1 34 2
2 34 2
3 34 2
t 454 15
m 3 6
1 34 1
2 34 1
3 34 1
t 453 15
m 4 6
1 34 2
2 34 2
3 34 2
t 452 15
m 3 6
1 34 1
2 34 1
3 34 1
t 451 15
m 3 6
1 34 2
2 34 2
3 34 2
t 450 15
m 3 6
1 34 1
2 34 1
3 34 1
t 449 15
m 4 6
1 34 2
2 34 2
3 34 2
t 448 15
m 4 6
1 34 1
2 34 1
3 34 1
t 447 15
m 3 6
1 34 2
2 34 2
3 34 2
t 446 15
m 2 6
1 34 1
2 34 1
3 34 1
t 445 15
m 2 7
1 34 2
2 34 2
3 34 2
t 444 15
m 2 6
1 34 1
2 34 1
3 34 1
t 443 15
m 2 7
1 34 2
2 34 2
3 34 2
t 442 15
m 2 7
1 34 1
2 34 1
3 34 1
t 441 15
m 2 8
1 34 2
2 34 2
3 34 2
t 440 15
m 2 8
1 34 1
2 34 1
3 34 1
t 439 15
m 2 7
1 34 2
2 34 2
3 34 2
t 438 15
m 2 8
1 34 1
2 34 1
3 34 1
t 437 15
m 2 9
1 34 2
2 34 2
3 34 2
t 436 15
m 2 9
1 34 1
2 34 1
3 34 1
t 435 15
m 2 9
1 34 2
2 34 2
3 34 2
t 434 15
m 2 8
1 34 1
2 34 1
3 34 1
t 433 15
m 2 7
1 34 2
2 34 2
3 34 2
t 432 15
m 2 6
1 34 1
2 34 1
3 34 1
t 431 15
m 2 5
1 34 2
2 34 2
3 34 2
t 430 15
m 2 4
1 34 1
2 34 1
3 34 1
t 429 15
m 2 5
1 34 2
2 34 2
3 34 2
t 428 15
m 2 5
1 34 1
2 34 1
3 34 1
t 427 15
m 2 4
1 34 2
2 34 2
3 34 2
t 426 15
m 2 3
1 34 1
2 34 1
3 34 1
t 425 15
m 2 3
1 34 2
2 34 2
3 34 2
t 424 15
m 2 4
1 34 1
2 34 1
3 34 1
t 423 15
m 2 4
1 34 2
2 34 2
3 34 2
t 422 15
m 2 4
1 34 1
2 34 1
3 34 1
t 421 15
m 2 5
1 34 2
2 34 2
3 34 2
t 420 15
m 2 4
1 34 1
2 34 1
3 34 1
t 419 15
m 2 5
1 34 2
2 34 2
3 34 2
t 418 15
m 2 6
1 34 1
2 34 1
3 34 1
t 417 15
m 2 6
1 34 2
2 34 2
3 34 2
t 416 15
m 2 6
1 34 1
2 34 1
3 34 1
t 415 15
m 2 7
1 34 2
2 34 2
3 34 2
t 414 15
m 2 6
1 34 1
2 34 1
3 34 1
t 413 15
m 2 5
1 34 2
2 34 2
3 34 2
t 412 15
m 2 4
1 34 1
2 34 1
3 34 1
t 411 15
m 2 4
1 34 2
2 34 2
3 34 2
t 410 15
m 2 3
1 34 1
2 34 1
3 34 1
t 409 15
m 2 2
1 34 2
2 34 2
3 34 2
t 408 15
m 3 2
1 34 1
2 34 1
3 34 1
t 407 16
m 4 2
1 34 2
2 34 2
3 34 2
t 406 16
m 5 2
1 34 1
2 34 1
3 34 1
t 405 16
m 5 2
1 34 2
2 34 2
3 34 2
t 404 16
m 5 2
1 34 1
2 34 1
3 34 1
t 403 16
m 6 2
1 34 2
2 34 2
3 34 2
t 402 16
m 6 3
1 34 1
2 34 1
3 34 1
t 401 16
m 6 3
1 34 2
2 34 2
3 34 2
t 400 16
m 6 4
1 34 1
2 34 1
3 34 1
t 399 16
m 6 4
1 34 2
2 34 2
3 34 2
t 398 16
m 6 5
1 34 1
2 34 1
3 34 1
t 397 16
m 6 6
1 34 2
2 34 2
3 34 2
t 396 16
m 6 6
1 34 1
2 34 1
3 34 1
t 395 16
m 6 6
1 34 2
2 34 2
3 34 2
t 394 16
m 6 5
1 34 1
2 34 1
3 34 1
t 393 16
m 7 5
1 34 2
2 34 2
3 34 2
t 392 16
m 6 5
1 34 1
2 34 1
3 34 1
t 391 16
m 6 5
1 34 2
2 34 2
3 34 2
t 390 16
m 6 6
1 34 1
2 34 1
3 34 1
t 389 16
m 5 6
1 34 2
2 34 2
3 34 2
t 388 16
m 4 6
1 34 1
2 34 1
3 34 1
t 387 16
m 5 6
1 34 2
2 34 2
3 34 2
t 386 16
m 4 6
1 34 1
2 34 1
3 34 1
t 385 16
m 3 6
1 34 2
2 34 2
3 34 2
t 384 16
m 4 6
1 34 1
2 34 1
3 34 1
t 383 16
m 5 6
1 34 2
2 34 2
3 34 2
t 382 16
m 4 6
1 34 1
2 34 1
3 34 1
t 381 16
m 3 6
1 34 2
2 34 2
3 34 2
t 380 16
m 3 6
1 34 1
2 34 1
3 34 1
t 379 16
m 3 6
1 34 2
2 34 2
3 34 2
t 378 16
m 3 6
1 34 1
2 34 1
3 34 1
t 377 16
m 2 6
1 34 2
2 34 2
3 34 2
t 376 16
m 2 5
1 34 1
2 34 1
3 34 1
t 375 16
m 2 6
1 34 2
2 34 2
3 34 2
t 374 16
m 2 5
1 34 1
2 34 1
3 34 1
t 373 16
m 2 6
1 34 2
2 34 2
3 34 2
t 372 16
m 3 6
1 34 1
2 34 1
3 34 1
t 371 16
m 2 6
1 34 2
2 34 2
3 34 2
t 370 16
m 2 7
1 34 1
2 34 1
3 34 1
t 369 16
m 2 7
1 34 2
2 34 2
3 34 2
t 368 16
m 2 6
1 34 1
2 34 1
3 34 1
t 367 16
m 3 6
1 34 2
2 34 2
3 34 2
t 366 16
m 4 6
1 34 1
2 34 1
3 34 1
t 365 16
m 3 6
1 34 2
2 34 2
3 34 2
t 364 16
m 4 6
1 34 1
2 34 1
3 34 1
t 363 16
m 3 6
1 34 2
2 34 2
3 34 2
t 362 16
m 4 6
1 34 1
2 34 1
3 34 1
t 361 16
m 3 6
1 34 2
2 34 2
3 34 2
t 360 16
m 2 6
1 34 1
2 34 1
3 34 1
t 359 16
m 3 6
1 34 2
2 34 2
3 34 2
t 358 16
m 2 6
1 34 1
2 34 1
3 34 1
t 357 16
m 2 7
1 34 2
2 34 2
3 34 2
t 356 16
m 2 6
1 34 1
2 34 1
3 34 1
t 355 16
m 2 5
1 34 2
2 34 2
3 34 2
t 354 16
m 2 6
1 34 1
2 34 1
3 34 1
t 353 16
m 3 6
1 34 2
2 34 2
3 34 2
t 352 16
m 3 6
1 34 1
2 34 1
3 34 1
t 351 16
m 2 6
1 34 2
2 34 2
3 34 2
t 350 16
m 3 6
1 34 1
2 34 1
3 34 1
t 349 16
m 3 6
1 34 2
2 34 2
3 34 2
t 348 16
m 3 6
1 34 1
2 34 1
3 34 1
t 347 16
m 2 6
1 34 2
2 34 2
3 34 2
t 346 16
m 2 5
1 34 1
2 34 1
3 34 1
t 345 16
m 2 5
1 34 2
2 34 2
3 34 2
t 344 16
m 2 5
1 34 1
2 34 1
3 34 1
t 343 16
m 2 5
1 34 2
2 34 2
3 34 2
t 342 16
m 2 6
1 34 1
2 34 1
3 34 1
t 341 16
m 2 6
1 34 2
2 34 2
3 34 2
t 340 16
m 2 7
1 34 1
2 34 1
3 34 1
t 339 16
m 2 7
1 34 2
2 34 2
3 34 2
t 338 16
m 2 6
1 34 1
2 34 1
3 34 1
t 337 16
m 2 7
1 34 2
2 34 2
3 34 2
t 336 16
m 2 7
1 34 1
2 34 1
3 34 1
t 335 16
m 2 8
1 34 2
2 34 2
3 34 2
t 334 16
m 2 9
1 34 1
2 34 1
3 34 1
t 333 16
m 2 8
1 34 2
2 34 2
3 34 2
t 332 16
m 2 9
1 34 1
2 34 1
3 34 1
t 331 16
m 2 8
1 34 2
2 34 2
3 34 2
t 330 16
m 2 7
1 34 1
2 34 1
3 34 1
t 329 16
m 2 7
1 34 2
2 34 2
3 34 2
t 328 16
m 2 8
1 34 1
2 34 1
3 34 1
t 327 16
m 2 9
1 34 2
2 34 2
3 34 2
t 326 16
m 2 10
1 34 1
2 34 1
3 34 1
t 325 16
m 2 11
1 34 2
2 34 2
3 34 2
t 324 16
m 2 12
1 34 1
2 34 1
3 34 1
t 323 16
m 1 12
1 34 2
2 34 2
3 34 2
t 322 16
m 2 12
1 34 1
2 34 1
3 34 1
t 321 16
m 2 12
1 34 2
2 34 2
3 34 2
t 320 16
m 2 12
1 34 1
2 34 1
3 34 1
t 319 16
m 2 12
1 34 2
2 34 2
3 34 2
t 318 16
m 2 11
1 34 1
2 34 1
3 34 1
t 317 16
m 2 10
1 34 2
2 34 2
3 34 2
t 316 16
m 2 9
1 34 1
2 34 1
3 34 1
t 315 16
m 2 8
1 34 2
2 34 2
3 34 2
t 314 16
m 2 8
1 34 1
2 34 1
3 34 1
t 313 16
m 2 7
1 34 2
2 34 2
3 34 2
t 312 16
m 2 6
1 34 1
2 34 1
3 34 1
t 311 16
m 2 5
1 34 2
2 34 2
3 34 2
t 310 16
m 2 5
1 34 1
2 34 1
3 34 1
t 309 16
m 2 4
1 34 2
2 34 2
3 34 2
t 308 16
m 2 4
1 34 1
2 34 1
3 34 1
t 307 16
m 2 3
1 34 2
2 34 2
3 34 2
t 306 16
m 2 2
1 34 1
2 34 1
3 34 1
t 305 16
m 2 2
1 34 2
2 34 2
3 34 2
t 304 16
m 2 2
1 34 1
2 34 1
3 34 1
t 303 16
m 3 2
1 34 2
2 34 2
3 34 2
t 302 16
m 3 2
1 34 1
2 34 1
3 34 1
t 301 16
m 4 2
1 34 2
2 34 2
3 34 2
t 300 16
m 4 1
1 34 1
2 34 1
3 34 1
t 299 16
m 4 2
1 34 2
2 34 2
3 34 2
t 298 16
m 5 2
1 34 1
2 34 1
3 34 1
t 297 16
m 5 2
1 34 2
2 34 2
3 34 2
t 296 16
m 5 2
1 34 1
2 34 1
3 34 1
t 295 16
m 4 2
1 34 2
2 34 2
3 34 2
t 294 16
m 4 1
1 34 1
2 34 1
3 34 1
t 293 16
m 4 1
1 34 2
2 34 2
3 34 2
t 292 16
m 4 2
1 34 1
2 34 1
3 34 1
t 291 16
m 4 1
1 34 2
2 34 2
3 34 2
t 290 16
m 4 2
1 34 1
2 34 1
3 34 1
t 289 16
m 3 2
1 34 2
2 34 2
3 34 2
t 288 16
m 2 2
1 34 1
2 34 1
3 34 1
t 287 16
m 2 1
1 34 2
2 34 2
3 34 2
t 286 16
m 2 1
1 34 1
2 34 1
3 34 1
t 285 16
m 2 0
1 34 2
2 34 2
3 34 2
t 284 17
m 2 0
1 34 1
2 34 1
3 34 1
t 283 17
m 1 0
1 34 2
2 34 2
3 34 2
t 282 17
m 1 0
1 34 1
2 34 1
3 34 1
t 281 17
m 0 0
1 34 2
2 34 2
3 34 2
t 280 18
m 0 1
1 34 1
2 34 1
3 34 1
t 279 19
m 0 0
1 34 2
2 34 2
3 34 2
t 278 19
m 0 1
1 34 1
2 34 1
3 34 1
t 277 19
m 0 1
1 34 2
2 34 2
3 34 2
t 276 19
m 0 1
1 34 1
2 34 1
3 34 1
t 275 19
m 0 2
1 34 2
2 34 2
3 34 2
t 274 20
m 0 1
1 34 1
2 34 1
3 34 1
t 273 20
m 0 2
1 34 2
2 34 2
3 34 2
t 272 20
m 1 2
1 34 1
2 34 1
3 34 1
t 271 20
m 2 2
1 34 2
2 34 2
3 34 2
t 270 20
m 2 3
1 34 1
2 34 1
3 34 1
t 269 20
m 2 4
1 34 2
2 34 2
3 34 2
t 268 20
m 2 5
1 34 1
2 34 1
3 34 1
t 267 20
m 2 5
1 34 2
2 34 2
3 34 2
t 266 20
m 2 5
1 34 1
2 34 1
3 34 1
t 265 20
m 2 4
1 34 2
2 34 2
3 34 2
t 264 20
m 2 5
1 34 1
2 34 1
3 34 1
t 263 20
m 2 5
1 34 2
2 34 2
3 34 2
t 262 20
m 2 5
1 34 1
2 34 1
3 34 1
t 261 20
m 2 4
1 34 2
2 34 2
3 34 2
t 260 20
m 2 3
1 34 1
2 34 1
3 34 1
t 259 20
m 2 2
1 34 2
2 34 2
3 34 2
t 258 20
m 2 3
1 34 1
2 34 1
3 34 1
t 257 20
m 2 2
1 34 2
2 34 2
3 34 2
t 256 20
m 2 1
1 34 1
2 34 1
3 34 1
t 255 20
m 2 2
1 34 2
2 34 2
3 34 2
t 254 20
m 2 1
1 34 1
2 34 1
3 34 1
t 253 20
m 2 1
1 34 2
2 34 2
3 34 2
t 252 20
m 2 2
1 34 1
2 34 1
3 34 1
t 251 20
m 1 2
1 34 2
2 34 2
3 34 2
t 250 20
m 2 2
1 34 1
2 34 1
3 34 1
t 249 20
m 3 2
1 34 2
2 34 2
3 34 2
t 248 20
m 4 2
1 34 1
2 34 1
3 34 1
t 247 20
m 4 1
1 34 2
2 34 2
3 34 2
t 246 20
m 4 0
1 34 1
2 34 1
3 34 1
t 245 20
m 4 0
1 34 2
2 34 2
3 34 2
t 244 20
m 3 0
1 34 1
2 34 1
3 34 1
t 243 20
m 3 0
1 34 2
2 34 2
3 34 2
t 242 20
m 2 0
1 34 1
2 34 1
3 34 1
t 241 20
m 1 0
1 34 2
2 34 2
3 34 2
t 240 20
m 0 0
1 34 1
2 34 1
3 34 1
t 239 20
m 0 1
1 34 2
2 34 2
3 34 2
t 238 20
m 0 2
1 34 1
2 34 1
3 34 1
t 237 20
m 1 2
1 34 2
2 34 2
3 34 2
t 236 20
m 0 2
1 34 1
2 34 1
3 34 1
t 235 20
m 0 1
1 34 2
2 34 2
3 34 2
t 234 20
m 0 1
1 34 1
2 34 1
3 34 1
t 233 20
m 0 0
1 34 2
2 34 2
3 34 2
t 232 20
m 1 0
1 34 1
2 34 1
3 34 1
t 231 20
m 1 0
1 34 2
2 34 2
3 34 2
t 230 20
m 0 0
1 34 1
2 34 1
3 34 1
t 229 20
m 1 0
1 34 2
2 34 2
3 34 2
t 228 20
m 1 0
1 34 1
2 34 1
3 34 1
t 227 20
m 0 0
1 34 2
2 34 2
3 34 2
t 226 20
m 0 0
1 34 1
2 34 1
3 34 1
t 225 20
m 1 0
1 34 2
2 34 2
3 34 2
t 224 20
m 0 0
1 34 1
2 34 1
3 34 1
t 223 20
m 1 0
1 34 2
2 34 2
3 34 2
t 222 20
m 1 0
1 34 1
2 34 1
3 34 1
t 221 20
m 1 0
1 34 2
2 34 2
3 34 2
t 220 20
m 1 0
1 34 1
2 34 1
3 34 1
t 219 20
m 2 0
1 34 2
2 34 2
3 34 2
t 218 20
m 2 1
1 34 1
2 34 1
3 34 1
t 217 20
m 2 0
1 34 2
2 34 2
3 34 2
t 216 20
m 2 0
1 34 1
2 34 1
3 34 1
t 215 20
m 3 0
1 34 2
2 34 2
3 34 2
t 214 20
m 4 0
1 34 1
2 34 1
3 34 1
t 213 20
m 4 1
1 34 2
2 34 2
3 34 2
t 212 20
m 4 0
1 34 1
2 34 1
3 34 1
t 211 20
m 5 0
1 34 2
2 34 2
3 34 2
t 210 21
m 5 0
1 34 1
2 34 1
3 34 1
t 209 21
m 6 0
1 34 2
2 34 2
3 34 2
t 208 21
m 5 0
1 34 1
2 34 1
3 34 1
t 207 21
m 6 0
1 34 2
2 34 2
3 34 2
t 206 21
m 7 0
1 34 1
2 34 1
3 34 1
t 205 21
m 7 0
1 34 2
2 34 2
3 34 2
t 204 21
m 7 0
1 34 1
2 34 1
3 34 1
t 203 21
m 8 0
1 34 2
2 34 2
3 34 2
t 202 21
m 8 1
1 34 1
2 34 1
3 34 1
t 201 21
m 8 2
1 34 2
2 34 2
3 34 2
t 200 21
m 8 2
1 34 1
2 34 1
3 34 1
t 199 21
m 8 3
1 34 2
2 34 2
3 34 2
t 198 21
m 8 4
1 34 1
2 34 1
3 34 1
t 197 21
m 8 4
1 34 2
2 34 2
3 34 2
t 196 21
m 8 5
1 34 1
2 34 1
3 34 1
t 195 21
m 8 4
1 34 2
2 34 2
3 34 2
t 194 21
m 8 3
1 34 1
2 34 1
3 34 1
t 193 21
m 8 2
1 34 2
2 34 2
3 34 2
t 192 21
m 8 1
1 34 1
2 34 1
3 34 1
t 191 21
m 8 1
1 34 2
2 34 2
3 34 2
t 190 21
m 9 1
1 34 1
2 34 1
3 34 1
t 189 21
m 10 1
1 34 2
2 34 2
3 34 2
t 188 21
m 11 1
1 34 1
2 34 1
3 34 1
t 187 21
m 11 1
1 34 2
2 34 2
3 34 2
t 186 21
m 12 1
1 34 1
2 34 1
3 34 1
t 185 22
m 12 1
1 34 2
2 34 2
3 34 2
t 184 22
m 11 1
1 34 1
2 34 1
3 34 1
t 183 22
m 12 1
1 34 2
2 34 2
3 34 2
t 182 22
m 11 1
1 34 1
2 34 1
3 34 1
t 181 22
m 12 1
1 34 2
2 34 2
3 34 2
t 180 22
m 12 1
1 34 1
2 34 1
3 34 1
t 179 22
m 13 1
1 34 2
2 34 2
3 34 2
t 178 23
m 13 0
1 34 1
2 34 1
3 34 1
t 177 23
m 13 1
1 34 2
2 34 2
3 34 2
t 176 23
m 13 0
1 34 1
2 34 1
3 34 1
t 175 23
m 14 0
1 34 2
2 34 2
3 34 2
t 174 23
m 15 0
1 34 1
2 34 1
3 34 1
t 173 24
m 14 0
1 34 2
2 34 2
3 34 2
t 172 24
m 14 0
1 34 1
2 34 1
3 34 1
t 171 24
m 13 0
1 34 2
2 34 2
3 34 2
t 170 24
m 13 0
1 34 1
2 34 1
3 34 1
t 169 24
m 14 0
1 34 2
2 34 2
3 34 2
t 168 24
m 14 0
1 34 1
2 34 1
3 34 1
t 167 24
m 13 0
1 34 2
2 34 2
3 34 2
t 166 24
m 13 1
1 34 1
2 34 1
3 34 1
t 165 24
m 12 1
1 34 2
2 34 2
3 34 2
t 164 24
m 12 1
1 34 1
2 34 1
3 34 1
t 163 24
m 13 1
1 34 2
2 34 2
3 34 2
t 162 24
m 12 1
1 34 1
2 34 1
3 34 1
t 161 24
m 13 1
1 34 2
2 34 2
3 34 2
t 160 24
m 13 0
1 34 1
2 34 1
3 34 1
t 159 24
m 13 0
1 34 2
2 34 2
3 34 2
t 158 24
m 13 0
1 34 1
2 34 1
3 34 1
t 157 24
m 13 1
1 34 2
2 34 2
3 34 2
t 156 24
m 13 1
1 34 1
2 34 1
3 34 1
t 155 24
m 12 1
1 34 2
2 34 2
3 34 2
t 154 24
m 13 1
1 34 1
2 34 1
3 34 1
t 153 24
m 12 1
1 34 2
2 34 2
3 34 2
t 152 24
m 13 1
1 34 1
2 34 1
3 34 1
t 151 24
m 13 1
1 34 2
2 34 2
3 34 2
t 150 24
m 13 0
1 34 1
2 34 1
3 34 1
t 149 24
m 14 0
1 34 2
2 34 2
3 34 2
t 148 24
m 15 0
1 34 1
2 34 1
3 34 1
t 147 24
m 16 0
1 34 2
2 34 2
3 34 2
t 146 24
m 15 0
1 34 1
2 34 1
3 34 1
t 145 24
m 14 0
1 34 2
2 34 2
3 34 2
t 144 24
m 14 0
1 34 1
2 34 1
3 34 1
t 143 24
m 14 0
1 34 2
2 34 2
3 34 2
t 142 24
m 14 0
1 34 1
2 34 1
3 34 1
t 141 24
m 13 0
1 34 2
2 34 2
3 34 2
t 140 24
m 13 0
1 34 1
2 34 1
3 34 1
t 139 24
m 14 0
1 34 2
2 34 2
3 34 2
t 138 24
m 15 0
1 34 1
2 34 1
3 34 1
t 137 24
m 15 0
1 34 2
2 34 2
3 34 2
t 136 24
m 16 0
1 34 1
2 34 1
3 34 1
t 135 24
m 16 0
1 34 2
2 34 2
3 34 2
t 134 24
m 15 0
1 34 1
2 34 1
3 34 1
t 133 24
m 16 0
1 34 2
2 34 2
3 34 2
t 132 24
m 16 0
1 34 1
2 34 1
3 34 1
t 131 24
m 16 0
1 34 2
2 34 2
3 34 2
t 130 24
m 15 0
1 34 1
2 34 1
3 34 1
t 129 24
m 15 0
1 34 2
2 34 2
3 34 2
t 128 24
m 16 0
1 34 1
2 34 1
3 34 1
t 127 24
m 15 0
1 34 2
2 34 2
3 34 2
t 126 24
m 14 0
1 34 1
2 34 1
3 34 1
t 125 24
m 14 0
1 34 2
2 34 2
3 34 2
t 124 24
m 14 0
1 34 1
2 34 1
3 34 1
t 123 24
m 13 0
1 34 2
2 34 2
3 34 2
t 122 24
m 14 0
1 34 1
2 34 1
3 34 1
t 121 24
m 13 0
1 34 2
2 34 2
3 34 2
t 120 24
m 14 0
1 34 1
2 34 1
3 34 1
t 119 24
m 15 0
1 34 2
2 34 2
3 34 2
t 118 24
m 15 0
1 34 1
2 34 1
3 34 1
t 117 24
m 15 0
1 34 2
2 34 2
3 34 2
t 116 24
m 16 0
1 34 1
2 34 1
3 34 1
t 115 24
m 15 0
1 34 2
2 34 2
3 34 2
t 114 24
m 15 0
1 34 1
2 34 1
3 34 1
t 113 24
m 16 0
1 34 2
2 34 2
3 34 2
t 112 24
m 17 0
1 34 1
2 34 1
3 34 1
t 111 24
m 18 0
1 34 2
2 34 2
3 34 2
t 110 25
m 17 0
1 34 1
2 34 1
3 34 1
t 109 25
m 17 0
1 34 2
2 34 2
3 34 2
t 108 25
m 17 0
1 34 1
2 34 1
3 34 1
t 107 25
m 17 0
1 34 2
2 34 2
3 34 2
t 106 25
m 18 0
1 34 1
2 34 1
3 34 1
t 105 25
m 18 0
1 34 2
2 34 2
3 34 2
t 104 25
m 17 0
1 34 1
2 34 1
3 34 1
t 103 25
m 16 0
1 34 2
2 34 2
3 34 2
t 102 25
m 16 0
1 34 1
2 34 1
3 34 1
t 101 25
m 15 0
1 34 2
2 34 2
3 34 2
t 100 25
m 14 0
1 34 1
2 34 1
3 34 1
t 99 25
m 13 0
1 34 2
2 34 2
3 34 2
t 98 25
m 13 1
1 34 1
2 34 1
3 34 1
t 97 25
m 13 1
1 34 2
2 34 2
3 34 2
t 96 25
m 13 0
1 34 1
2 34 1
3 34 1
t 95 25
m 13 1
1 34 2
2 34 2
3 34 2
t 94 25
m 13 1
1 34 1
2 34 1
3 34 1
t 93 25
m 13 0
1 34 2
2 34 2
3 34 2
t 92 25
m 14 0
1 34 1
2 34 1
3 34 1
t 91 25
m 15 0
1 34 2
2 34 2
3 34 2
t 90 25
m 15 0
1 34 1
2 34 1
3 34 1
t 89 25
m 16 0
1 34 2
2 34 2
3 34 2
t 88 25
m 15 0
1 34 1
2 34 1
3 34 1
t 87 25
m 14 0
1 34 2
2 34 2
3 34 2
t 86 25
m 14 0
1 34 1
2 34 1
3 34 1
t 85 25
m 15 0
1 34 2
2 34 2
3 34 2
t 84 25
m 14 0
1 34 1
2 34 1
3 34 1
t 83 25
m 15 0
1 34 2
2 34 2
3 34 2
t 82 25
m 15 0
1 34 1
2 34 1
3 34 1
t 81 25
m 14 0
1 34 2
2 34 2
3 34 2
t 80 25
m 14 0
1 34 1
2 34 1
3 34 1
t 79 25
m 14 0
1 34 2
2 34 2
3 34 2
t 78 25
m 15 0
1 34 1
2 34 1
3 34 1
t 77 25
m 16 0
1 34 2
2 34 2
3 34 2
t 76 25
m 17 0
1 34 1
2 34 1
3 34 1
t 75 25
m 16 0
1 34 2
2 34 2
3 34 2
t 74 25
m 15 0
1 34 1
2 34 1
3 34 1
t 73 25
m 16 0
1 34 2
2 34 2
3 34 2
t 72 25
m 16 0
1 34 1
2 34 1
3 34 1
t 71 25
m 15 0
1 34 2
2 34 2
3 34 2
t 70 25
m 14 0
1 34 1
2 34 1
3 34 1
t 69 25
m 15 0
1 34 2
2 34 2
3 34 2
t 68 25
m 15 0
1 34 1
2 34 1
3 34 1
t 67 25
m 16 0
1 34 2
2 34 2
3 34 2
t 66 25
m 16 0
1 34 1
2 34 1
3 34 1
t 65 25
m 17 0
1 34 2
2 34 2
3 34 2
t 64 25
m 18 0
1 34 1
2 34 1
3 34 1
t 63 25
m 19 0
1 34 2
2 34 2
3 34 2
t 62 25
m 20 0
1 34 1
2 34 1
3 34 1
t 61 25
m 21 0
1 34 2
2 34 2
3 34 2
t 60 25
m 20 0
1 34 1
2 34 1
3 34 1
t 59 25
m 21 0
1 34 2
2 34 2
3 34 2
t 58 25
m 20 0
1 34 1
2 34 1
3 34 1
t 57 25
m 20 0
1 34 2
2 34 2
3 34 2
t 56 25
m 21 0
1 34 1
2 34 1
3 34 1
t 55 25
m 21 0
1 34 2
2 34 2
3 34 2
t 54 25
m 21 0
1 34 1
2 34 1
3 34 1
t 53 25
m 20 0
1 34 2
2 34 2
3 34 2
t 52 25
m 19 0
1 34 1
2 34 1
3 34 1
t 51 25
m 20 0
1 34 2
2 34 2
3 34 2
t 50 25
m 20 0
1 34 1
2 34 1
3 34 1
t 49 25
m 21 0
1 34 2
2 34 2
3 34 2
t 48 25
m 20 0
1 34 1
2 34 1
3 34 1
t 47 25
m 21 0
1 34 2
2 34 2
3 34 2
t 46 25
m 21 1
1 34 1
2 34 1
3 34 1
t 45 25
m 21 0
1 34 2
2 34 2
3 34 2
t 44 25
m 21 1
1 34 1
2 34 1
3 34 1
t 43 25
m 22 1
1 34 2
2 34 2
3 34 2
t 42 26
m 22 1
1 34 1
2 34 1
3 34 1
t 41 26
m 23 1
1 34 2
2 34 2
3 34 2
t 40 27
m 23 1
1 34 1
2 34 1
3 34 1
t 39 27
m 24 1
1 34 2
2 34 2
3 34 2
t 38 28
m 25 1
1 34 1
2 34 1
3 34 1
f 26 12
t 37 38
m 25 1
1 34 2
2 34 2
3 34 2
t 36 38
m 26 1
1 34 1
2 34 1
3 34 1
t 35 38
m 25 1
1 34 2
2 34 2
3 34 2
t 34 38
m 25 1
1 34 1
2 34 1
3 34 1
t 33 38
m 25 1
1 34 2
2 34 2
3 34 2
t 32 38
m 26 1
1 34 1
2 34 1
3 34 1
t 31 38
m 25 1
1 34 2
2 34 2
3 34 2
t 30 38
m 25 1
1 34 1
2 34 1
3 34 1
t 29 38
m 24 1
1 34 2
2 34 2
3 34 2
t 28 38
m 25 1
1 34 1
2 34 1
3 34 1
t 27 38
m 24 1
1 34 2
2 34 2
3 34 2
t 26 38
m 25 1
1 34 1
2 34 1
3 34 1
t 25 38
m 26 1
1 34 2
2 34 2
3 34 2
t 24 38
m 25 1
1 34 1
2 34 1
3 34 1
t 23 38
m 25 1
1 34 2
2 34 2
3 34 2
t 22 38
m 24 1
1 34 1
2 34 1
3 34 1
t 21 38
m 25 1
1 34 2
2 34 2
3 34 2
t 20 38
m 25 1
1 34 1
2 34 1
3 34 1
t 19 38
m 25 1
1 34 2
2 34 2
3 34 2
t 18 38
m 25 1
1 34 1
2 34 1
3 34 1
t 17 38
m 26 1
1 34 2
2 34 2
3 34 2
t 16 38
m 26 1
1 34 1
2 34 1
3 34 1
t 15 38
m 26 0
1 34 2
2 34 2
3 34 2
t 14 38
m 27 0
1 34 1
2 34 1
3 34 1
t 13 38
m 26 0
1 34 2
2 34 2
3 34 2
t 12 38
m 26 0
1 34 1
2 34 1
3 34 1
t 11 38
m 26 0
1 34 2
2 34 2
3 34 2
t 10 38
m 26 1
1 34 1
2 34 1
3 34 1
t 9 38
m 26 2
1 34 2
2 34 2
3 34 2
t 8 38
m 26 2
1 34 1
2 34 1
3 34 1
t 7 38
m 26 2
1 34 2
2 34 2
3 34 2
t 6 38
m 26 3
1 34 1
2 34 1
3 34 1
t 5 39
m 26 2
1 34 2
2 34 2
3 34 2
t 4 39
m 26 1
1 34 1
2 34 1
3 34 1
t 3 39
m 26 1
1 34 2
2 34 2
3 34 2
t 2 39
m 26 0
1 34 1
2 34 1
3 34 1
t 1 39
m 26 0
1 34 2
2 34 2
3 34 2
t 0 39
